23322 1 2
23322 3 4
23322 5 6
23322 7 8
23322 9 10
23322 9 10
23322 11 12
23322 13 14
23322 13 15
23322 16 17
23323 18 19
23323 18 19
23323 19 18
23323 19 5
23323 20 21
23323 3 4
23323 5 22
23323 5 22
23323 5 23
23323 24 25
23323 7 26
23323 7 27
23323 9 28
23323 29 30
23323 29 30
23323 16 17
23324 31 32
23324 31 32
23324 31 32
23324 31 32
23324 31 32
23324 19 17
23324 19 2
23324 25 33
23324 25 33
23324 25 33
23324 25 33
23324 25 33
23324 34 25
23324 34 35
23324 34 20
23324 34 20
23324 34 36
23324 34 5
23324 33 25
23324 33 37
23324 32 31
23324 13 38
23324 29 39
23324 29 30
23324 16 17
23324 16 40
23324 16 40
23325 41 42
23325 42 41
23325 33 37
23325 20 43
23325 36 34
23325 36 34
23325 44 37
23325 44 37
23325 44 37
23325 44 37
23325 44 37
23325 44 37
23325 44 37
23325 45 46
23325 47 48
23325 3 49
23325 3 4
23325 3 4
23325 7 50
23325 51 52
23325 9 26
23325 9 53
23325 11 12
23325 13 52
23325 13 54
23325 29 55
23325 29 55
23325 16 17
23326 33 37
23326 33 37
23326 33 37
23326 33 37
23326 33 37
23326 33 37
23326 33 37
23326 20 34
23326 20 43
23326 36 44
23326 5 22
23326 7 50
23326 51 52
23326 13 56
23326 13 52
23326 29 55
23326 29 30
23326 16 17
23326 16 17
23327 31 45
23327 31 45
23327 31 45
23327 31 45
23327 31 45
23327 31 45
23327 18 57
23327 20 43
23327 36 57
23327 45 31
23327 5 22
23327 5 58
23327 2 19
23327 2 1
23327 2 1
23327 51 52
23327 11 59
23327 11 59
23327 13 60
23327 13 60
23327 13 60
23327 13 61
23327 16 17
23328 31 17
23328 35 34
23328 33 25
23328 33 32
23328 33 20
23328 33 20
23328 33 36
23328 33 37
23328 33 37
23328 20 34
23328 20 33
23328 3 62
23328 3 62
23328 2 19
23328 2 34
23328 2 24
23328 24 45
23328 7 63
23328 51 52
23328 9 26
23328 13 60
23328 29 64
23328 29 64
23328 29 55
23328 29 55
23328 29 55
23328 16 17
23329 65 66
23329 65 67
23329 65 67
23329 66 65
23329 33 37
23329 33 37
23329 33 37
23329 33 37
23329 33 37
23329 44 37
23329 44 37
23329 44 37
23329 44 37
23329 44 37
23329 44 37
23329 44 37
23329 3 62
23329 3 62
23329 51 52
23329 9 26
23329 13 68
23329 13 60
23329 29 64
23329 29 55
23329 16 17
23330 1 25
23330 3 62
23330 3 62
23330 3 69
23330 3 70
23330 5 31
23330 5 19
23330 5 67
23330 5 71
23330 5 71
23330 7 72
23330 9 26
23330 13 73
23330 13 74
23330 16 17
23331 65 66
23331 31 32
23331 18 19
23331 25 33
23331 36 33
23331 44 36
23331 44 2
23331 47 17
23331 47 5
23331 3 75
23331 5 58
23331 7 76
23331 7 77
23331 11 12
23331 11 59
23331 11 78
23331 13 79
23331 13 80
23331 13 80
23331 29 55
23331 16 17
23332 25 24
23332 25 24
23332 25 24
23332 25 24
23332 25 24
23332 25 24
23332 34 37
23332 33 25
23332 33 37
23332 33 37
23332 33 37
23332 33 37
23332 33 37
23332 33 37
23332 33 37
23332 32 47
23332 47 48
23332 47 32
23332 47 17
23332 47 36
23332 47 36
23332 47 5
23332 47 2
23332 5 81
23332 5 81
23332 24 25
23332 7 82
23332 9 83
23332 11 12
23332 13 84
23332 13 80
23332 29 55
23332 29 55
23332 16 17
23333 65 47
23333 65 24
23333 66 85
23333 19 32
23333 19 5
23333 34 18
23333 34 35
23333 34 20
23333 34 36
23333 34 45
23333 17 47
23333 36 47
23333 44 37
23333 44 37
23333 44 37
23333 44 37
23333 44 37
23333 44 37
23333 44 37
23333 3 12
23333 3 86
23333 3 87
23333 3 87
23333 5 19
23333 2 47
23333 7 88
23333 9 89
23333 11 90
23333 11 90
23333 13 91
23333 29 64
23333 29 55
23333 16 17
23334 31 5
23334 18 1
23334 1 18
23334 1 25
23334 1 17
23334 1 45
23334 1 2
23334 1 92
23334 33 37
23334 33 37
23334 33 37
23334 33 37
23334 33 37
23334 33 37
23334 33 37
23334 32 31
23334 32 19
23334 32 47
23334 32 67
23334 17 67
23334 3 86
23334 5 19
23334 5 53
23334 2 1
23334 7 27
23334 7 88
23334 67 32
23334 67 17
23334 11 90
23334 29 64
23334 29 64
23334 16 17
23335 65 85
23335 41 42
23335 42 41
23335 1 25
23335 1 32
23335 1 45
23335 1 5
23335 1 92
23335 17 47
23335 17 24
23335 47 18
23335 47 48
23335 47 32
23335 47 92
23335 92 47
23335 24 92
23335 9 89
23335 13 73
23335 13 93
23335 13 80
23335 29 55
23335 16 17
23336 1 20
23336 48 47
23336 48 47
23336 36 31
23336 36 34
23336 44 37
23336 47 20
23336 47 36
23336 47 2
23336 5 53
23336 24 18
23336 24 35
23336 24 17
23336 24 45
23336 24 5
23336 7 78
23336 7 94
23336 7 95
23336 9 89
23336 13 80
23336 13 96
23336 29 55
23336 29 55
23336 16 17
23336 16 40
23336 16 40
23337 48 31
23337 48 47
23337 92 19
23337 92 1
23337 7 95
23337 67 36
23337 9 89
23337 13 73
23337 13 73
23337 29 64
23337 29 64
23337 29 64
23337 29 55
23337 16 17
23338 18 1
23338 18 44
23338 18 47
23338 18 24
23338 33 35
23338 20 47
23338 3 86
23338 5 97
23338 2 47
23338 24 18
23338 24 5
23338 7 95
23338 7 95
23338 7 98
23338 9 99
23338 11 90
23338 11 100
23338 13 101
23338 13 96
23338 13 96
23338 13 102
23338 29 64
23338 16 17
23339 25 31
23339 48 47
23339 48 47
23339 48 103
23339 48 103
23339 44 37
23339 44 37
23339 44 37
23339 44 37
23339 44 37
23339 44 37
23339 44 37
23339 44 37
23339 44 37
23339 5 97
23339 24 18
23339 13 104
23339 29 55
23339 16 17
23340 31 25
23340 31 36
23340 19 45
23340 19 5
23340 48 44
23340 32 44
23340 32 47
23340 20 34
23340 44 48
23340 5 1
23340 5 67
23340 5 97
23340 9 99
23340 9 99
23340 11 100
23340 13 101
23340 29 64
23340 29 105
23340 29 105
23340 29 105
23340 16 17
23341 18 34
23341 48 24
23341 36 31
23341 5 19
23341 5 1
23341 5 24
23341 9 99
23341 9 99
23341 11 100
23341 11 106
23341 13 107
23341 29 108
23341 29 108
23341 16 17
23341 16 17
23342 65 44
23342 31 25
23342 31 36
23342 31 36
23342 31 36
23342 31 36
23342 31 36
23342 31 36
23342 1 48
23342 1 32
23342 1 92
23342 34 2
23342 48 109
23342 48 110
23342 33 92
23342 3 86
23342 3 27
23342 5 31
23342 5 47
23342 5 111
23342 92 1
23342 92 1
23342 7 33
23342 11 112
23342 13 113
23342 13 114
23342 13 114
23342 29 108
23342 16 17
23343 65 19
23343 18 34
23343 18 57
23343 18 24
23343 19 2
23343 25 47
23343 25 47
23343 25 47
23343 25 47
23343 25 47
23343 25 47
23343 25 47
23343 33 18
23343 33 36
23343 33 5
23343 33 2
23343 57 32
23343 57 5
23343 57 2
23343 17 47
23343 20 44
23343 44 37
23343 44 37
23343 44 37
23343 47 25
23343 5 115
23343 9 99
23343 11 116
23343 11 117
23343 13 118
23343 29 105
23343 29 119
23343 29 119
23343 16 17
23344 65 34
23344 66 65
23344 25 47
23344 25 47
23344 25 47
23344 25 47
23344 25 47
23344 25 47
23344 25 24
23344 1 32
23344 1 45
23344 1 45
23344 34 85
23344 34 85
23344 48 1
23344 85 34
23344 47 25
23344 9 99
23344 11 120
23344 13 121
23344 13 118
23344 29 119
23344 16 17
23345 65 31
23345 41 42
23345 42 41
23345 31 35
23345 25 31
23345 25 34
23345 34 85
23345 34 85
23345 34 85
23345 34 85
23345 34 85
23345 34 85
23345 48 109
23345 48 110
23345 85 34
23345 85 34
23345 85 34
23345 36 31
23345 36 19
23345 36 19
23345 36 1
23345 36 34
23345 36 57
23345 36 47
23345 36 24
23345 36 67
23345 45 46
23345 47 25
23345 5 78
23345 5 122
23345 9 123
23345 11 120
23345 11 120
23345 29 64
23345 29 64
23345 29 64
23345 16 17
23346 31 48
23346 31 48
23346 31 48
23346 31 48
23346 31 48
23346 31 48
23346 31 36
23346 31 45
23346 31 45
23346 31 45
23346 25 44
23346 34 25
23346 34 85
23346 34 85
23346 34 85
23346 34 85
23346 34 17
23346 34 45
23346 34 37
23346 48 31
23346 85 34
23346 85 34
23346 36 34
23346 44 2
23346 45 31
23346 37 34
23346 92 19
23346 9 123
23346 29 119
23346 16 17
23347 65 66
23347 31 48
23347 31 48
23347 31 48
23347 31 48
23347 31 48
23347 31 48
23347 31 48
23347 31 48
23347 31 48
23347 31 48
23347 31 48
23347 31 48
23347 31 48
23347 31 45
23347 31 45
23347 31 45
23347 31 45
23347 31 45
23347 31 45
23347 31 45
23347 31 45
23347 31 45
23347 31 45
23347 31 45
23347 31 45
23347 31 45
23347 31 45
23347 31 45
23347 31 45
23347 31 45
23347 31 45
23347 31 45
23347 31 37
23347 1 18
23347 1 25
23347 1 35
23347 34 85
23347 34 85
23347 34 17
23347 34 17
23347 34 17
23347 34 36
23347 48 124
23347 48 52
23347 85 34
23347 57 35
23347 44 37
23347 44 37
23347 44 37
23347 44 37
23347 44 37
23347 44 37
23347 44 37
23347 5 125
23347 13 126
23347 13 127
23347 29 30
23347 29 30
23347 16 17
23348 65 1
23348 66 85
23348 31 37
23348 31 37
23348 31 37
23348 31 37
23348 31 37
23348 31 37
23348 31 37
23348 31 37
23348 31 37
23348 18 34
23348 18 44
23348 1 18
23348 34 17
23348 48 103
23348 33 48
23348 5 125
23348 29 64
23348 29 30
23348 16 17
23348 16 40
23348 16 40
23349 65 33
23349 31 92
23349 31 92
23349 31 92
23349 31 92
23349 31 92
23349 19 17
23349 19 2
23349 48 22
23349 48 110
23349 48 10
23349 17 19
23349 5 128
23349 92 31
23349 24 7
23349 9 129
23349 11 120
23349 13 127
23349 13 127
23349 29 64
23349 29 110
23349 29 110
23349 16 17
23350 65 66
23350 65 66
23350 65 66
23350 65 1
23350 65 85
23350 65 47
23350 65 47
23350 65 67
23350 65 67
23350 31 25
23350 31 92
23350 31 92
23350 31 92
23350 31 92
23350 31 92
23350 31 92
23350 31 92
23350 31 92
23350 31 92
23350 31 92
23350 31 92
23350 31 92
23350 31 92
23350 18 33
23350 48 130
23350 48 131
23350 48 28
23350 33 17
23350 44 37
23350 5 132
23350 9 129
23350 9 129
23350 9 129
23350 11 120
23350 11 133
23350 13 134
23350 13 134
23350 13 134
23350 29 64
23350 29 64
23350 29 110
23350 29 30
23350 29 30
23350 29 30
23350 16 17
23351 65 57
23351 31 17
23351 31 17
23351 31 17
23351 31 17
23351 31 17
23351 31 17
23351 48 103
23351 17 31
23351 5 135
23351 9 129
23351 11 136
23351 11 136
23351 13 78
23351 29 30
23351 16 17
23352 34 36
23352 48 130
23352 48 103
23352 48 137
23352 33 17
23352 32 57
23352 32 47
23352 47 36
23352 5 138
23352 9 129
23352 29 110
23352 16 17
23353 31 37
23353 31 37
23353 31 37
23353 31 37
23353 31 37
23353 31 37
23353 31 37
23353 18 31
23353 18 34
23353 1 18
23353 1 25
23353 1 17
23353 1 20
23353 1 36
23353 1 45
23353 1 5
23353 48 103
23353 48 103
23353 57 32
23353 47 32
23353 47 2
23353 5 138
23353 5 139
23353 9 129
23353 9 129
23353 13 140
23353 13 141
23353 29 64
23353 29 64
23353 29 30
23353 16 17
23354 48 60
23354 48 103
23354 47 36
23354 5 142
23354 92 34
23354 92 57
23354 9 129
23354 29 64
23354 29 64
23354 29 110
23354 29 110
23354 29 110
23354 16 17
23355 66 92
23355 41 42
23355 42 41
23355 48 130
23355 32 57
23355 32 67
23355 57 18
23355 57 48
23355 57 32
23355 57 32
23355 57 17
23355 57 36
23355 57 5
23355 57 2
23355 57 92
23355 5 139
23355 9 129
23355 9 129
23355 9 129
23355 13 134
23355 16 17
23356 31 37
23356 31 37
23356 31 37
23356 31 37
23356 31 37
23356 31 37
23356 31 37
23356 31 37
23356 31 37
23356 31 37
23356 31 37
23356 31 37
23356 31 37
23356 31 37
23356 31 37
23356 31 37
23356 48 60
23356 48 143
23356 33 17
23356 5 139
23356 9 144
23356 9 145
23356 9 146
23356 147 148
23356 13 134
23356 16 17
23357 1 18
23357 1 17
23357 1 20
23357 1 36
23357 1 45
23357 1 5
23357 1 2
23357 48 149
23357 48 149
23357 48 149
23357 17 57
23357 17 57
23357 5 150
23357 2 57
23357 92 31
23357 92 19
23357 92 1
23357 92 44
23357 147 22
23357 29 64
23357 29 110
23357 29 151
23357 29 151
23357 16 17
23358 48 130
23358 48 149
23358 5 152
23358 9 144
23358 13 134
23358 29 151
23359 31 37
23359 19 36
23359 19 92
23359 48 149
23359 48 149
23359 147 22
23359 13 134
23359 16 17
23360 18 34
23360 48 1
23360 48 33
23360 48 149
23360 48 153
23360 147 4
23360 147 110
23360 29 22
23360 29 22
23360 16 17
23360 16 40
23360 16 40
23361 65 34
23361 66 65
23361 31 17
23361 31 17
23361 31 17
23361 31 17
23361 31 17
23361 31 17
23361 31 17
23361 31 17
23361 31 17
23361 31 17
23361 31 17
23361 31 17
23361 31 17
23361 31 17
23361 31 17
23361 31 17
23361 31 17
23361 31 17
23361 19 32
23361 19 36
23361 19 45
23361 19 5
23361 34 17
23361 48 130
23361 48 154
23361 48 154
23361 17 31
23361 147 155
23361 29 22
23361 29 64
23361 16 17
23362 31 37
23362 31 37
23362 31 37
23362 31 37
23362 31 37
23362 31 37
23362 31 37
23362 18 67
23362 34 17
23362 34 20
23362 34 2
23362 34 92
23362 48 130
23362 48 130
23362 48 52
23362 33 17
23362 17 1
23362 17 34
23362 36 1
23362 44 92
23362 45 31
23362 29 64
23362 29 64
23362 16 17
23363 65 66
23363 25 67
23363 25 67
23363 25 67
23363 25 67
23363 1 48
23363 48 156
23363 67 25
23363 9 157
23363 9 158
23363 9 159
23363 29 22
23363 16 17
23364 66 42
23364 34 2
23364 48 52
23364 9 157
23364 9 157
23364 147 110
23364 147 52
23364 16 17
23365 65 85
23365 66 85
23365 41 42
23365 42 41
23365 31 25
23365 31 37
23365 31 37
23365 31 37
23365 31 37
23365 31 37
23365 31 37
23365 31 37
23365 25 31
23365 25 31
23365 25 31
23365 48 124
23365 48 124
23365 45 46
23365 5 19
23365 5 44
23365 2 160
23365 9 157
23365 147 44
23365 29 6
23365 29 6
23365 29 64
23365 29 64
23365 29 64
23365 16 17
23366 65 47
23366 25 31
23366 44 5
23366 9 157
23366 9 157
23366 147 161
23366 29 6
23366 29 64
23366 16 17
23367 65 33
23367 31 36
23367 31 36
23367 31 36
23367 31 36
23367 31 36
23367 31 36
23367 31 36
23367 31 36
23367 31 36
23367 31 36
23367 31 36
23367 31 36
23367 31 36
23367 31 36
23367 31 36
23367 31 36
23367 31 36
23367 31 36
23367 31 36
23367 31 36
23367 31 36
23367 31 36
23367 31 36
23367 31 36
23367 34 2
23367 48 52
23367 36 31
23367 9 162
23367 147 163
23367 16 17
23368 1 18
23368 1 25
23368 1 32
23368 34 2
23368 48 75
23368 48 164
23368 48 165
23368 20 44
23368 36 67
23368 2 166
23368 9 167
23368 9 168
23368 147 163
23368 29 124
23368 29 64
23368 29 108
23368 29 108
23368 16 17
23369 1 17
23369 34 37
23369 48 12
23369 48 12
23369 33 37
23369 33 2
23369 20 33
23369 37 33
23369 2 166
23369 2 166
23369 169 60
23369 147 161
23369 29 124
23369 29 124
23369 29 108
23369 16 17
23370 31 37
23370 31 37
23370 31 37
23370 31 37
23370 31 37
23370 31 37
23370 31 37
23370 48 59
23370 48 59
23370 48 78
23370 33 48
23370 5 31
23370 5 1
23370 5 44
23370 5 47
23370 5 67
23370 2 12
23370 2 166
23370 16 17
23371 48 78
23371 48 170
23371 169 60
23371 29 108
23371 16 17
23372 34 25
23372 34 45
23372 34 2
23372 48 164
23372 2 109
23372 9 171
23372 9 171
23372 29 6
23372 29 6
23372 29 124
23372 29 64
23372 29 64
23372 29 64
23372 16 17
23372 16 40
23372 16 40
23373 19 32
23373 48 12
23373 48 59
23373 48 172
23373 44 25
23373 44 45
23373 44 2
23373 5 31
23373 2 12
23373 9 171
23373 147 173
23373 147 161
23373 29 6
23373 16 17
23374 66 32
23374 66 32
23374 66 20
23374 66 20
23374 31 37
23374 31 37
23374 31 37
23374 31 37
23374 31 37
23374 31 37
23374 19 25
23374 19 32
23374 25 44
23374 25 47
23374 48 12
23374 48 172
23374 48 172
23374 9 171
23374 147 174
23374 16 17
23375 66 25
23375 66 25
23375 66 32
23375 66 45
23375 66 92
23375 41 42
23375 42 41
23375 1 45
23375 48 172
23375 48 90
23375 2 12
23375 9 175
23375 169 110
23375 169 110
23375 147 176
23375 29 6
23375 29 6
23375 29 64
23375 29 64
23375 29 64
23375 16 17
23376 25 33
23376 34 17
23376 48 172
23376 33 25
23376 5 31
23376 5 19
23376 5 33
23376 2 12
23376 2 12
23376 9 175
23376 169 110
23376 169 52
23376 29 6
23376 29 6
23376 29 64
23376 16 17
23377 25 33
23377 25 33
23377 25 33
23377 25 33
23377 25 33
23377 1 32
23377 1 37
23377 1 2
23377 48 177
23377 48 90
23377 20 34
23377 20 44
23377 20 47
23377 37 1
23377 5 24
23377 2 12
23377 24 36
23377 9 175
23377 169 110
23377 16 17
23378 66 65
23378 31 37
23378 31 37
23378 31 37
23378 31 37
23378 31 37
23378 31 37
23378 31 37
23378 19 5
23378 1 32
23378 1 92
23378 48 19
23378 48 47
23378 48 24
23378 48 178
23378 48 178
23378 48 90
23378 33 17
23378 32 1
23378 32 57
23378 47 25
23378 47 48
23378 47 36
23378 47 2
23378 47 2
23378 37 24
23378 37 24
23378 5 19
23378 92 47
23378 24 37
23378 24 37
23378 29 64
23378 16 17
23379 65 66
23379 65 24
23379 19 5
23379 25 47
23379 25 24
23379 1 36
23379 48 90
23379 33 5
23379 45 31
23379 45 34
23379 45 47
23379 45 67
23379 47 25
23379 47 25
23379 47 36
23379 47 45
23379 47 5
23379 47 92
23379 47 92
23379 47 92
23379 5 24
23379 2 31
23379 2 31
23379 24 5
23379 169 110
23379 147 176
23379 147 179
23379 29 6
23379 16 17
23380 65 57
23380 34 48
23380 34 48
23380 48 100
23380 36 19
23380 36 44
23380 44 17
23380 47 20
23380 47 5
23380 37 24
23380 24 37
23380 24 5
23380 29 180
23380 16 17
23381 65 19
23381 65 85
23381 31 48
23381 31 17
23381 31 45
23381 31 2
23381 31 92
23381 25 19
23381 25 44
23381 48 44
23381 48 47
23381 48 100
23381 44 18
23381 44 2
23381 2 33
23381 2 181
23381 24 5
23381 169 110
23381 147 182
23381 147 182
23381 29 180
23381 16 17
23382 65 1
23382 66 85
23382 31 25
23382 31 32
23382 31 36
23382 31 37
23382 31 37
23382 31 37
23382 31 37
23382 31 37
23382 31 37
23382 31 37
23382 31 37
23382 31 37
23382 31 37
23382 31 37
23382 31 37
23382 31 37
23382 31 37
23382 31 37
23382 31 37
23382 31 37
23382 31 37
23382 31 37
23382 31 37
23382 31 37
23382 31 37
23382 31 37
23382 31 37
23382 31 5
23382 18 31
23382 34 20
23382 48 31
23382 48 100
23382 36 33
23382 44 18
23382 44 25
23382 44 35
23382 44 48
23382 44 17
23382 44 20
23382 44 36
23382 44 45
23382 44 37
23382 44 2
23382 44 92
23382 37 44
23382 2 31
23382 2 1
23382 2 33
23382 2 181
23382 2 181
23382 2 183
23382 169 124
23382 169 110
23382 29 180
23382 16 17
23383 65 44
23383 25 31
23383 25 44
23383 1 18
23383 1 48
23383 1 32
23383 1 5
23383 48 106
23383 57 17
23383 36 31
23383 36 31
23383 44 20
23383 45 33
23383 45 24
23383 5 47
23383 2 181
23383 92 57
23383 169 124
23383 29 6
23383 16 17
23384 65 47
23384 31 37
23384 31 37
23384 31 37
23384 31 37
23384 31 37
23384 31 37
23384 31 37
23384 19 48
23384 48 112
23384 48 116
23384 44 20
23384 2 184
23384 2 185
23384 169 124
23384 169 124
23384 29 6
23384 29 6
23384 16 17
23384 16 40
23384 16 40
23385 41 42
23385 42 41
23385 31 37
23385 31 37
23385 31 37
23385 1 5
23385 1 92
23385 48 186
23385 33 18
23385 33 45
23385 32 44
23385 45 46
23385 47 48
23385 47 2
23385 2 184
23385 2 187
23385 92 1
23385 51 1
23385 147 182
23385 16 17
23386 66 32
23386 66 17
23386 66 92
23386 1 20
23386 1 36
23386 48 186
23386 48 117
23386 33 20
23386 20 44
23386 20 47
23386 45 19
23386 45 44
23386 45 67
23386 188 57
23386 5 47
23386 2 31
23386 2 31
23386 2 31
23386 2 47
23386 2 184
23386 169 124
23386 169 124
23386 147 182
23386 16 17
23387 32 47
23387 57 20
23387 57 37
23387 45 31
23387 37 57
23387 2 67
23387 2 184
23387 92 52
23387 67 36
23387 67 2
23387 169 189
23387 169 190
23387 147 182
23387 29 6
23387 16 17
23388 65 34
23388 31 37
23388 31 37
23388 18 24
23388 1 48
23388 48 120
23388 33 2
23388 33 2
23388 32 1
23388 44 17
23388 45 44
23388 45 67
23388 2 1
23388 2 6
23388 2 67
23388 92 52
23388 92 52
23388 169 189
23388 169 190
23388 147 182
23388 16 17
23389 65 31
23389 65 33
23389 25 19
23389 25 1
23389 25 44
23389 25 24
23389 1 2
23389 48 47
23389 48 120
23389 44 17
23389 92 31
23389 92 33
23389 92 47
23389 92 6
23389 92 6
23389 92 52
23389 169 190
23389 169 190
23389 147 191
23389 147 192
23389 147 192
23389 16 17
23390 31 18
23390 31 32
23390 31 37
23390 31 37
23390 19 25
23390 19 37
23390 19 37
23390 25 44
23390 34 2
23390 33 37
23390 57 45
23390 17 31
23390 20 34
23390 20 67
23390 36 34
23390 36 47
23390 37 19
23390 37 33
23390 92 1
23390 51 1
23390 169 193
23390 11 19
23390 16 17
23391 31 17
23391 31 17
23391 31 17
23391 31 17
23391 31 17
23391 31 17
23391 1 35
23391 1 20
23391 1 92
23391 48 120
23391 48 120
23391 36 1
23391 24 18
23391 24 18
23391 24 25
23391 169 6
23391 169 193
23391 16 17
23392 31 18
23392 31 37
23392 31 37
23392 31 37
23392 31 37
23392 31 37
23392 31 37
23392 31 37
23392 31 92
23392 1 5
23392 48 120
23392 48 133
23392 32 33
23392 20 1
23392 20 57
23392 169 6
23392 147 194
23392 16 17
23393 1 18
23393 1 25
23393 1 32
23393 1 17
23393 1 45
23393 1 45
23393 48 136
23393 32 44
23393 57 17
23393 5 31
23393 2 31
23393 2 67
23393 92 6
23393 67 20
23393 169 6
23393 147 195
23393 16 17
23394 65 66
23394 65 66
23394 65 1
23394 65 1
23394 66 65
23394 31 37
23394 19 45
23394 1 2
23394 34 48
23394 34 20
23394 34 20
23394 34 37
23394 48 136
23394 36 1
23394 36 1
23394 36 34
23394 36 24
23394 45 19
23394 45 34
23394 45 33
23394 45 44
23394 45 47
23394 37 34
23394 92 52
23394 169 196
23394 169 10
23394 169 10
23394 169 10
23394 147 182
23394 147 182
23394 147 197
23394 16 17
23395 65 66
23395 41 42
23395 42 41
23395 19 45
23395 36 47
23395 44 45
23395 45 31
23395 45 1
23395 45 57
23395 47 36
23395 47 92
23395 47 92
23395 67 45
23395 147 198
23395 16 17
23396 65 85
23396 32 57
23396 57 25
23396 57 32
23396 57 17
23396 57 20
23396 57 45
23396 57 5
23396 47 48
23396 47 45
23396 5 47
23396 5 67
23396 5 67
23396 92 34
23396 92 52
23396 67 17
23396 67 92
23396 169 10
23396 147 199
23396 147 200
23396 16 17
23396 16 40
23396 16 40
23397 31 2
23397 18 1
23397 18 47
23397 57 92
23397 92 201
23397 169 14
23397 16 17
23398 31 37
23398 31 37
23398 18 57
23398 18 24
23398 18 202
23398 18 202
23398 34 2
23398 92 31
23398 92 19
23398 92 1
23398 92 44
23398 92 52
23398 92 201
23398 92 201
23398 169 14
23398 16 17
23399 1 2
23399 1 92
23399 1 92
23399 33 5
23399 45 57
23399 47 18
23399 47 32
23399 92 109
23399 92 52
23399 92 52
23399 92 201
23399 24 37
23399 24 37
23399 67 35
23399 169 4
23399 16 17
23400 31 37
23400 31 37
23400 31 37
23400 31 37
23400 31 37
23400 31 37
23400 31 37
23400 18 202
23400 1 5
23400 57 18
23400 57 48
23400 44 5
23400 44 2
23400 5 57
23400 24 37
23400 9 203
23400 169 49
23400 169 204
23400 16 17
23401 31 37
23401 33 92
23401 44 92
23401 44 92
23401 5 34
23401 5 33
23401 92 52
23401 92 201
23401 24 37
23401 24 37
23401 24 37
23401 24 37
23401 24 37
23401 24 37
23401 24 37
23401 9 203
23401 9 203
23401 16 17
23402 65 1
23402 31 92
23402 18 10
23402 18 205
23402 34 45
23402 20 44
23402 44 18
23402 44 20
23402 44 36
23402 92 206
23402 92 160
23402 92 201
23402 9 207
23402 16 17
23403 65 44
23403 18 205
23403 34 5
23403 32 19
23403 32 24
23403 45 1
23403 45 33
23403 45 67
23403 2 31
23403 2 34
23403 2 57
23403 2 44
23403 2 47
23403 92 33
23403 92 57
23403 92 6
23403 92 6
23403 92 208
23403 9 110
23403 9 110
23403 16 17
23404 65 31
23404 31 18
23404 31 45
23404 31 92
23404 18 209
23404 92 206
23404 24 37
23404 24 37
23404 24 37
23404 24 37
23404 24 37
23404 24 37
23404 24 37
23404 16 17
23404 16 17
23405 65 47
23405 41 42
23405 42 41
23405 31 35
23405 31 17
23405 18 4
23405 34 18
23405 17 31
23405 17 44
23405 36 57
23405 36 44
23405 44 2
23405 44 2
23405 45 46
23405 47 18
23405 92 6
23405 92 52
23405 92 52
23405 24 37
23405 24 37
23405 24 37
23405 24 37
23405 24 37
23405 24 37
23405 24 37
23405 16 17
23406 65 57
23406 66 85
23406 18 202
23406 25 34
23406 25 33
23406 25 44
23406 25 67
23406 25 67
23406 17 47
23406 47 35
23406 47 32
23406 47 17
23406 37 67
23406 92 201
23406 92 201
23406 24 18
23406 24 37
23406 24 37
23406 24 37
23406 24 5
23406 67 18
23406 67 36
23406 67 45
23406 67 37
23406 169 210
23406 16 17
23407 65 19
23407 18 10
23407 18 10
23407 18 211
23407 1 32
23407 1 45
23407 1 2
23407 33 18
23407 33 20
23407 57 2
23407 17 44
23407 92 208
23407 92 201
23407 92 212
23407 67 25
23407 67 2
23407 9 110
23407 169 213
23407 16 17
23408 65 67
23408 18 28
23408 5 34
23408 5 24
23408 2 67
23408 92 201
23408 24 37
23408 24 37
23408 24 37
23408 24 37
23408 24 37
23408 24 37
23408 24 37
23408 24 37
23408 24 37
23408 24 37
23408 24 37
23408 24 37
23408 24 37
23408 24 37
23408 24 37
23408 24 37
23408 24 37
23408 24 37
23408 24 37
23408 24 37
23408 24 37
23408 24 37
23408 24 37
23408 24 37
23408 9 110
23408 169 213
23408 169 23
23408 16 17
23408 16 40
23408 16 40
23409 66 65
23409 18 44
23409 18 44
23409 18 53
23409 92 109
23409 92 22
23409 92 22
23409 92 160
23409 92 201
23409 24 37
23409 24 37
23409 67 25
23409 9 214
23409 9 214
23409 169 78
23409 16 17
23410 65 33
23410 34 48
23410 34 5
23410 33 25
23410 45 67
23410 92 124
23410 92 206
23410 92 201
23410 169 213
23410 169 215
23410 16 17
23411 65 66
23411 65 24
23411 18 26
23411 36 67
23411 92 14
23411 9 174
23411 169 213
23411 16 17
23412 34 25
23412 92 216
23412 9 62
23412 9 62
23412 9 52
23412 169 213
23412 16 17
23413 65 85
23413 18 26
23413 25 44
23413 25 44
23413 25 44
23413 25 44
23413 25 44
23413 25 44
23413 36 1
23413 44 25
23413 44 5
23413 92 208
23413 92 208
23413 92 206
23413 92 14
23413 92 14
23413 92 217
23413 24 37
23413 9 52
23413 169 213
23413 16 17
23414 18 26
23414 1 36
23414 34 18
23414 34 48
23414 34 32
23414 34 20
23414 34 36
23414 34 2
23414 34 92
23414 48 31
23414 48 34
23414 48 33
23414 92 4
23414 92 10
23414 92 217
23414 92 217
23414 92 212
23414 16 17
23415 41 42
23415 42 41
23415 18 83
23415 18 26
23415 44 25
23415 45 47
23415 45 47
23415 92 49
23415 92 171
23415 92 171
23415 92 217
23415 92 217
23415 169 213
23415 169 213
23415 16 17
23416 18 89
23416 17 44
23416 36 34
23416 36 47
23416 47 18
23416 47 17
23416 47 45
23416 47 2
23416 92 216
23416 9 218
23416 9 216
23416 9 216
23416 169 219
23417 18 47
23417 18 89
23417 45 57
23417 45 44
23417 47 25
23417 47 48
23417 47 32
23417 47 20
23417 47 5
23417 188 57
23417 92 217
23417 92 217
23417 24 37
23417 24 37
23417 24 37
23417 24 37
23417 24 37
23417 24 37
23417 9 220
23417 9 220
23417 169 221
23417 16 17
23418 18 89
23418 18 89
23418 18 99
23418 25 34
23418 25 67
23418 25 67
23418 25 67
23418 25 67
23418 25 67
23418 25 67
23418 25 67
23418 25 67
23418 25 67
23418 25 67
23418 25 67
23418 25 67
23418 25 67
23418 25 67
23418 1 36
23418 34 25
23418 92 217
23418 92 217
23418 92 217
23418 67 25
23418 169 222
23418 169 222
23418 16 17
23419 31 2
23419 31 2
23419 31 2
23419 18 99
23419 18 99
23419 19 2
23419 25 34
23419 25 34
23419 25 34
23419 25 34
23419 25 34
23419 25 34
23419 25 34
23419 25 34
23419 25 34
23419 25 34
23419 25 34
23419 25 34
23419 25 34
23419 25 34
23419 25 34
23419 25 34
23419 25 34
23419 25 34
23419 32 34
23419 32 34
23419 47 20
23419 2 31
23419 92 217
23419 92 217
23419 9 220
23419 169 222
23419 169 222
23419 223 47
23419 16 17
23420 31 45
23420 31 45
23420 31 45
23420 31 2
23420 18 99
23420 18 99
23420 25 47
23420 34 37
23420 34 37
23420 20 57
23420 20 47
23420 45 31
23420 92 224
23420 92 217
23420 24 37
23420 24 37
23420 24 37
23420 24 37
23420 24 37
23420 24 37
23420 24 37
23420 9 220
23420 169 222
23420 169 225
23420 16 17
23420 16 40
23420 16 40
23421 31 45
23421 31 45
23421 31 45
23421 18 99
23421 25 31
23421 25 31
23421 34 37
23421 92 137
23421 92 137
23421 92 217
23421 92 217
23421 92 217
23421 92 226
23421 169 227
23421 16 17
23422 31 25
23422 31 2
23422 18 33
23422 18 57
23422 18 99
23422 33 20
23422 20 47
23422 45 24
23422 45 67
23422 2 33
23422 2 33
23422 92 137
23422 92 224
23422 92 217
23422 92 217
23422 92 217
23422 92 217
23422 92 226
23422 9 220
23422 9 160
23422 16 17
23423 1 48
23423 1 45
23423 33 18
23423 33 17
23423 33 2
23423 33 92
23423 32 19
23423 32 34
23423 20 33
23423 36 31
23423 36 44
23423 36 44
23423 44 2
23423 47 18
23423 47 48
23423 47 17
23423 47 37
23423 47 2
23423 47 92
23423 37 47
23423 92 217
23423 92 228
23423 9 229
23423 9 110
23423 169 225
23423 16 17
23424 18 123
23424 1 20
23424 1 2
23424 34 32
23424 33 45
23424 33 37
23424 32 31
23424 32 1
23424 44 36
23424 47 32
23424 47 5
23424 37 33
23424 92 217
23424 92 217
23424 9 110
23424 169 225
23424 169 230
23424 169 230
23424 16 17
23425 41 42
23425 42 41
23425 19 25
23425 1 17
23425 1 20
23425 34 37
23425 34 37
23425 34 37
23425 34 37
23425 34 37
23425 34 37
23425 33 48
23425 33 5
23425 20 1
23425 44 32
23425 44 20
23425 45 46
23425 47 25
23425 5 33
23425 5 57
23425 92 33
23425 92 12
23425 92 231
23425 92 217
23425 92 228
23425 9 131
23425 169 230
23425 169 232
23425 16 17
23426 31 36
23426 18 123
23426 19 2
23426 1 18
23426 1 32
23426 33 32
23426 33 5
23426 20 1
23426 44 36
23426 47 25
23426 47 20
23426 188 57
23426 92 233
23426 92 234
23426 92 234
23426 92 234
23426 92 234
23426 9 110
23426 16 17
23427 65 66
23427 31 5
23427 31 2
23427 18 129
23427 1 5
23427 34 37
23427 34 37
23427 34 37
23427 34 37
23427 34 37
23427 34 37
23427 34 37
23427 34 37
23427 34 37
23427 34 37
23427 34 37
23427 34 37
23427 34 37
23427 34 37
23427 33 18
23427 33 25
23427 33 25
23427 33 35
23427 33 36
23427 32 124
23427 32 52
23427 44 20
23427 92 235
23427 92 235
23427 16 17
23427 236 37
23427 236 37
23428 65 85
23428 66 85
23428 18 19
23428 18 34
23428 18 129
23428 25 33
23428 25 33
23428 25 33
23428 25 33
23428 25 33
23428 25 33
23428 1 18
23428 1 35
23428 1 2
23428 34 35
23428 34 45
23428 35 34
23428 33 20
23428 32 47
23428 32 52
23428 57 48
23428 57 92
23428 92 235
23428 92 234
23428 92 234
23428 9 110
23428 9 237
23428 9 237
23428 16 17
23429 18 19
23429 18 57
23429 18 129
23429 19 18
23429 1 20
23429 34 35
23429 34 92
23429 33 35
23429 33 2
23429 32 33
23429 32 47
23429 32 52
23429 57 18
23429 57 25
23429 57 48
23429 57 32
23429 44 25
23429 2 1
23429 92 235
23429 92 235
23429 67 35
23429 9 110
23429 9 110
23429 9 237
23429 16 17
23430 18 129
23430 34 18
23430 32 207
23430 32 14
23430 57 35
23430 44 25
23430 5 19
23430 5 1
23430 5 1
23430 5 1
23430 5 67
23430 92 12
23430 92 235
23430 9 4
23430 16 17
23430 236 37
23431 31 18
23431 18 1
23431 18 67
23431 18 67
23431 18 129
23431 19 18
23431 92 12
23431 92 238
23431 67 18
23431 67 17
23431 67 2
23431 67 92
23431 9 6
23431 16 17
23432 65 47
23432 65 67
23432 66 65
23432 19 25
23432 34 18
23432 34 37
23432 34 37
23432 32 14
23432 32 202
23432 17 67
23432 92 12
23432 92 67
23432 92 59
23432 92 238
23432 9 6
23432 9 6
23432 9 239
23432 16 17
23432 16 40
23432 16 40
23433 31 48
23433 31 48
23433 31 48
23433 31 48
23433 1 25
23433 1 36
23433 34 37
23433 48 31
23433 17 47
23433 17 67
23433 45 33
23433 45 33
23433 45 57
23433 37 236
23433 37 236
23433 92 12
23433 92 240
23433 92 78
23433 9 6
23433 29 12
23433 29 12
23433 16 17
23434 31 25
23434 31 48
23434 31 48
23434 18 129
23434 25 31
23434 25 31
23434 25 31
23434 25 31
23434 25 31
23434 25 31
23434 25 19
23434 25 33
23434 25 33
23434 25 47
23434 20 44
23434 20 24
23434 37 236
23434 92 33
23434 92 57
23434 92 57
23434 92 12
23434 9 6
23434 9 27
23434 29 12
23434 16 17
23434 236 37
23435 41 42
23435 42 41
23435 18 129
23435 25 1
23435 1 18
23435 1 32
23435 1 36
23435 32 57
23435 57 45
23435 44 20
23435 92 59
23435 92 59
23435 9 241
23435 9 241
23435 16 17
23436 1 48
23436 1 20
23436 1 2
23436 48 19
23436 48 1
23436 32 34
23436 32 47
23436 32 27
23436 32 14
23436 57 37
23436 57 37
23436 57 37
23436 57 37
23436 20 31
23436 20 1
23436 20 57
23436 20 47
23436 47 25
23436 47 32
23436 47 2
23436 92 12
23436 92 12
23436 92 242
23436 67 35
23436 9 6
23436 9 6
23436 9 243
23436 29 12
23436 16 17
23437 18 129
23437 32 31
23437 32 19
23437 32 44
23437 45 31
23437 45 33
23437 45 67
23437 47 25
23437 47 20
23437 47 36
23437 2 67
23437 92 240
23437 92 67
23437 92 59
23437 92 78
23437 92 244
23437 24 20
23437 67 18
23437 67 48
23437 67 32
23437 67 36
23437 67 2
23437 67 92
23437 9 243
23437 29 12
23437 29 12
23437 16 17
23438 34 37
23438 34 37
23438 34 37
23438 34 37
23438 34 37
23438 34 37
23438 34 37
23438 48 67
23438 32 67
23438 32 211
23438 57 37
23438 57 37
23438 57 37
23438 57 37
23438 57 37
23438 57 37
23438 57 37
23438 57 37
23438 57 37
23438 57 37
23438 57 37
23438 57 37
23438 20 67
23438 5 24
23438 2 34
23438 2 67
23438 92 245
23438 67 20
23438 9 52
23438 9 241
23438 29 12
23438 16 17
23439 31 20
23439 18 129
23439 25 33
23439 33 17
23439 32 27
23439 20 24
23439 44 36
23439 44 36
23439 47 45
23439 47 92
23439 3 103
23439 92 12
23439 92 12
23439 92 242
23439 92 246
23439 92 246
23439 24 5
23439 9 247
23439 16 17
23440 31 2
23440 31 2
23440 31 2
23440 18 1
23440 18 33
23440 18 67
23440 18 129
23440 34 45
23440 34 45
23440 34 37
23440 32 27
23440 32 8
23440 57 37
23440 3 103
23440 3 103
23440 3 103
23440 2 31
23440 92 47
23440 92 246
23440 92 246
23440 92 246
23440 92 246
23440 67 25
23440 9 247
23440 29 12
23440 16 17
23441 31 2
23441 18 129
23441 18 129
23441 18 145
23441 18 146
23441 19 32
23441 1 17
23441 34 2
23441 48 34
23441 48 33
23441 48 24
23441 33 5
23441 32 248
23441 32 249
23441 57 37
23441 57 37
23441 57 37
23441 57 37
23441 57 37
23441 57 37
23441 57 37
23441 45 1
23441 45 33
23441 45 33
23441 45 57
23441 9 250
23441 9 251
23441 9 251
23441 29 10
23441 29 10
23441 16 17
23442 31 32
23442 18 33
23442 19 48
23442 48 67
23442 32 248
23442 92 246
23442 29 10
23442 16 17
23443 33 36
23443 33 45
23443 33 45
23443 32 248
23443 20 67
23443 36 33
23443 92 246
23443 9 251
23443 16 17
23444 65 66
23444 65 85
23444 31 20
23444 34 37
23444 34 37
23444 34 37
23444 34 37
23444 34 37
23444 34 37
23444 34 37
23444 32 248
23444 32 248
23444 36 31
23444 36 1
23444 36 34
23444 92 252
23444 92 253
23444 92 253
23444 9 254
23444 29 22
23444 29 22
23444 29 10
23444 16 17
23444 16 40
23444 16 40
23445 41 42
23445 42 41
23445 32 248
23445 32 248
23445 32 248
23445 57 18
23445 57 17
23445 57 45
23445 57 37
23445 57 37
23445 57 2
23445 57 92
23445 45 46
23445 37 57
23445 3 27
23445 92 12
23445 92 252
23445 92 252
23445 92 252
23445 92 255
23445 7 214
23445 7 214
23445 7 214
23445 7 214
23445 67 20
23445 9 250
23445 9 250
23445 9 10
23445 29 22
23445 16 17
23446 57 48
23446 57 37
23446 57 37
23446 57 37
23446 57 37
23446 57 37
23446 57 37
23446 57 37
23446 57 5
23446 36 57
23446 3 124
23446 3 124
23446 92 256
23446 92 256
23446 92 255
23446 7 214
23446 9 250
23446 9 250
23446 9 257
23446 16 17
23447 18 144
23447 25 57
23447 25 57
23447 1 36
23447 32 34
23447 32 248
23447 32 67
23447 57 25
23447 57 32
23447 3 124
23447 3 124
23447 92 256
23447 7 258
23447 29 22
23447 16 17
23448 66 85
23448 31 35
23448 31 35
23448 31 35
23448 31 35
23448 31 35
23448 31 35
23448 31 48
23448 31 36
23448 31 36
23448 31 36
23448 31 36
23448 31 36
23448 18 6
23448 34 37
23448 34 37
23448 34 37
23448 34 37
23448 34 37
23448 34 37
23448 34 37
23448 35 31
23448 32 34
23448 32 24
23448 57 35
23448 57 20
23448 57 36
23448 57 37
23448 57 37
23448 57 37
23448 57 37
23448 57 37
23448 57 37
23448 57 37
23448 36 31
23448 92 12
23448 92 256
23448 92 259
23448 92 260
23448 92 255
23448 92 255
23448 9 257
23448 9 261
23448 16 17
23449 31 35
23449 31 35
23449 31 35
23449 31 35
23449 31 35
23449 31 35
23449 31 35
23449 31 35
23449 31 35
23449 31 35
23449 31 35
23449 31 35
23449 31 35
23449 31 35
23449 31 35
23449 31 35
23449 31 35
23449 31 35
23449 18 6
23449 18 60
23449 18 60
23449 34 37
23449 34 37
23449 34 37
23449 34 37
23449 34 37
23449 34 37
23449 34 37
23449 32 262
23449 5 12
23449 92 12
23449 92 256
23449 92 260
23449 7 258
23449 9 257
23449 9 263
23449 169 6
23449 11 202
23449 29 22
23449 29 22
23449 29 22
23449 16 17
23450 31 2
23450 31 2
23450 18 144
23450 18 158
23450 3 207
23450 3 264
23450 5 12
23450 5 12
23450 2 31
23450 92 260
23450 9 250
23450 9 250
23450 169 265
23450 11 14
23450 16 17
23451 31 25
23451 31 36
23451 31 36
23451 31 36
23451 31 36
23451 31 36
23451 31 36
23451 31 36
23451 31 36
23451 31 36
23451 31 36
23451 31 36
23451 31 36
23451 31 36
23451 31 36
23451 31 36
23451 31 36
23451 31 36
23451 31 36
23451 31 2
23451 31 2
23451 18 266
23451 18 14
23451 18 14
23451 25 31
23451 32 248
23451 36 31
23451 5 12
23451 92 12
23451 92 256
23451 92 259
23451 92 260
23451 92 255
23451 92 267
23451 7 10
23451 9 268
23451 169 4
23451 16 17
23452 18 22
23452 18 159
23452 25 31
23452 25 31
23452 25 31
23452 34 18
23452 34 17
23452 34 45
23452 34 37
23452 34 2
23452 34 92
23452 32 248
23452 57 37
23452 57 37
23452 57 37
23452 57 37
23452 57 37
23452 57 37
23452 44 45
23452 37 34
23452 92 260
23452 92 269
23452 92 270
23452 92 271
23452 7 268
23452 7 268
23452 7 10
23452 11 183
23452 11 272
23452 11 272
23452 11 14
23452 29 22
23452 16 17
23453 34 48
23453 34 32
23453 34 5
23453 20 1
23453 20 57
23453 47 25
23453 3 207
23453 92 260
23453 92 273
23453 92 267
23453 7 33
23453 11 272
23453 29 22
23453 29 22
23453 16 17
23454 65 34
23454 66 65
23454 34 25
23454 34 35
23454 34 20
23454 34 36
23454 34 37
23454 34 37
23454 34 37
23454 34 37
23454 34 37
23454 34 37
23454 34 37
23454 34 37
23454 57 5
23454 36 6
23454 36 6
23454 45 1
23454 45 57
23454 3 27
23454 3 264
23454 3 264
23454 3 274
23454 5 12
23454 5 148
23454 92 12
23454 92 275
23454 92 275
23454 7 12
23454 7 10
23454 9 276
23454 11 272
23454 11 272
23454 29 22
23454 16 17
23455 41 42
23455 42 41
23455 31 36
23455 31 36
23455 31 36
23455 31 36
23455 31 36
23455 31 36
23455 18 34
23455 18 157
23455 18 157
23455 1 36
23455 1 45
23455 1 5
23455 34 37
23455 34 37
23455 34 37
23455 34 37
23455 34 37
23455 34 37
23455 34 37
23455 32 1
23455 32 1
23455 32 57
23455 57 37
23455 57 37
23455 57 37
23455 57 37
23455 57 37
23455 57 37
23455 57 37
23455 57 37
23455 17 34
23455 36 31
23455 45 34
23455 45 47
23455 45 47
23455 3 8
23455 5 33
23455 5 148
23455 92 12
23455 92 277
23455 92 148
23455 92 148
23455 92 269
23455 24 5
23455 9 268
23455 9 278
23455 169 4
23455 16 17
23456 31 36
23456 31 36
23456 31 36
23456 31 36
23456 31 36
23456 31 36
23456 31 36
23456 31 36
23456 18 130
23456 18 22
23456 18 279
23456 18 160
23456 18 280
23456 19 25
23456 25 19
23456 25 19
23456 34 18
23456 48 34
23456 33 5
23456 32 44
23456 32 24
23456 32 248
23456 32 281
23456 3 27
23456 3 282
23456 5 31
23456 2 57
23456 2 47
23456 2 24
23456 92 148
23456 92 270
23456 24 2
23456 7 12
23456 7 214
23456 7 214
23456 169 12
23456 11 272
23456 29 22
23456 29 22
23456 29 22
23456 16 17
23456 16 40
23456 16 40
23457 18 157
23457 25 19
23457 25 19
23457 25 19
23457 25 19
23457 25 19
23457 25 19
23457 25 19
23457 25 19
23457 25 19
23457 25 19
23457 25 19
23457 25 19
23457 25 19
23457 25 19
23457 25 19
23457 25 19
23457 25 19
23457 25 19
23457 25 19
23457 25 19
23457 25 19
23457 25 19
23457 25 19
23457 25 19
23457 25 19
23457 25 19
23457 25 19
23457 25 19
23457 34 36
23457 34 2
23457 57 32
23457 57 37
23457 57 37
23457 57 37
23457 57 37
23457 57 37
23457 44 32
23457 3 27
23457 5 148
23457 2 57
23457 92 273
23457 24 45
23457 24 2
23457 24 92
23457 7 12
23457 9 268
23457 9 268
23457 9 268
23457 9 278
23457 9 278
23457 169 12
23457 169 12
23457 11 272
23457 29 22
23457 16 17
23458 18 157
23458 25 31
23458 48 33
23458 32 248
23458 57 18
23458 57 32
23458 57 37
23458 57 37
23458 188 124
23458 5 52
23458 92 19
23458 92 34
23458 92 47
23458 92 275
23458 92 283
23458 24 5
23458 67 48
23458 9 131
23458 9 10
23458 9 284
23458 169 12
23458 11 272
23458 16 17
23459 18 279
23459 48 57
23459 57 45
23459 36 6
23459 47 48
23459 47 45
23459 3 285
23459 5 52
23459 5 52
23459 92 31
23459 92 44
23459 92 67
23459 92 277
23459 92 52
23459 92 52
23459 92 52
23459 24 18
23459 24 17
23459 24 45
23459 24 2
23459 7 184
23459 9 284
23459 169 60
23459 29 22
23459 16 17
23460 65 85
23460 31 25
23460 31 25
23460 31 25
23460 31 25
23460 31 25
23460 31 25
23460 31 25
23460 31 92
23460 18 157
23460 25 31
23460 25 19
23460 34 25
23460 34 32
23460 34 37
23460 34 37
23460 34 37
23460 34 37
23460 34 37
23460 34 37
23460 34 37
23460 34 37
23460 34 37
23460 32 286
23460 57 37
23460 57 37
23460 57 37
23460 57 37
23460 57 37
23460 57 37
23460 57 37
23460 3 27
23460 5 52
23460 5 52
23460 92 24
23460 92 287
23460 92 287
23460 24 25
23460 24 48
23460 24 32
23460 24 20
23460 24 5
23460 9 10
23460 169 60
23460 169 60
23460 11 272
23460 29 22
23460 29 22
23460 16 17
23461 65 67
23461 18 167
23461 18 279
23461 18 288
23461 18 157
23461 18 168
23461 18 162
23461 25 31
23461 34 37
23461 34 37
23461 34 37
23461 34 37
23461 34 37
23461 34 37
23461 34 37
23461 32 34
23461 32 286
23461 32 286
23461 57 32
23461 188 124
23461 3 289
23461 3 290
23461 92 19
23461 92 47
23461 24 2
23461 67 18
23461 67 25
23461 67 32
23461 67 20
23461 67 36
23461 67 45
23461 67 5
23461 67 2
23461 9 10
23461 9 10
23461 169 109
23461 29 22
23461 16 17
23462 65 24
23462 33 37
23462 33 37
23462 33 37
23462 33 37
23462 33 37
23462 33 37
23462 33 37
23462 32 19
23462 32 1
23462 32 286
23462 32 286
23462 57 37
23462 57 37
23462 57 37
23462 57 37
23462 57 37
23462 57 37
23462 57 37
23462 57 5
23462 45 33
23462 45 44
23462 2 24
23462 92 31
23462 92 33
23462 92 57
23462 92 57
23462 92 67
23462 92 52
23462 92 52
23462 92 291
23462 92 292
23462 9 10
23462 9 10
23462 169 60
23462 169 60
23462 169 60
23462 11 272
23462 16 17
23463 65 66
23463 65 1
23463 65 57
23463 65 44
23463 18 24
23463 18 67
23463 18 293
23463 48 19
23463 48 34
23463 57 45
23463 36 109
23463 44 18
23463 44 25
23463 44 45
23463 44 5
23463 92 52
23463 169 60
23463 29 22
23463 16 17
23464 65 66
23464 18 293
23464 25 57
23464 1 32
23464 34 32
23464 34 45
23464 34 37
23464 48 24
23464 33 92
23464 32 286
23464 32 134
23464 32 134
23464 32 134
23464 17 1
23464 17 34
23464 17 57
23464 17 44
23464 47 18
23464 47 45
23464 3 294
23464 24 2
23464 7 295
23464 9 296
23464 169 297
23464 169 298
23464 11 202
23464 29 22
23464 29 22
23464 16 17
23465 41 42
23465 42 41
23465 18 293
23465 19 20
23465 19 92
23465 32 33
23465 32 24
23465 32 134
23465 57 37
23465 45 31
23465 45 19
23465 45 46
23465 47 45
23465 188 110
23465 3 97
23465 5 33
23465 5 44
23465 92 299
23465 92 299
23465 9 300
23465 9 296
23465 169 301
23465 29 22
23465 16 17
23466 18 171
23466 18 171
23466 1 48
23466 1 32
23466 33 18
23466 33 20
23466 33 45
23466 33 37
23466 33 2
23466 20 24
23466 44 32
23466 47 18
23466 47 45
23466 47 5
23466 47 92
23466 92 47
23466 92 302
23466 92 302
23466 9 300
23466 9 300
23466 9 303
23466 169 301
23466 16 17
23467 65 66
23467 65 31
23467 18 44
23467 18 24
23467 18 304
23467 18 171
23467 18 171
23467 18 305
23467 18 175
23467 19 18
23467 19 45
23467 33 25
23467 33 48
23467 33 37
23467 33 2
23467 33 92
23467 32 134
23467 44 18
23467 44 32
23467 47 25
23467 47 32
23467 47 20
23467 37 33
23467 188 60
23467 188 4
23467 3 111
23467 3 111
23467 3 111
23467 5 33
23467 2 31
23467 2 34
23467 2 34
23467 2 24
23467 92 306
23467 7 307
23467 9 300
23467 11 202
23467 11 202
23467 29 22
23467 29 202
23467 29 202
23467 16 17
23468 66 85
23468 18 1
23468 18 44
23468 18 67
23468 18 175
23468 18 175
23468 33 35
23468 33 17
23468 33 20
23468 33 37
23468 33 37
23468 33 37
23468 33 37
23468 33 37
23468 33 37
23468 33 37
23468 33 5
23468 44 32
23468 92 306
23468 92 306
23468 9 308
23468 169 301
23468 169 301
23468 29 202
23468 16 17
23468 16 40
23468 16 40
23469 65 19
23469 66 65
23469 34 37
23469 34 37
23469 34 37
23469 34 37
23469 34 37
23469 34 37
23469 32 34
23469 32 47
23469 32 309
23469 32 310
23469 57 37
23469 44 92
23469 3 111
23469 169 311
23469 169 311
23469 11 272
23469 11 272
23469 16 17
23470 65 47
23470 19 48
23470 19 48
23470 19 32
23470 19 36
23470 19 45
23470 19 2
23470 19 92
23470 34 37
23470 34 37
23470 32 312
23470 32 312
23470 17 19
23470 20 67
23470 45 47
23470 92 19
23470 67 20
23470 67 2
23470 9 308
23470 169 313
23470 169 311
23470 11 6
23470 11 272
23470 29 202
23470 16 17
23471 65 66
23471 65 66
23471 65 66
23471 65 33
23471 31 2
23471 31 2
23471 31 2
23471 31 2
23471 19 25
23471 19 17
23471 1 48
23471 1 32
23471 1 17
23471 1 20
23471 1 36
23471 1 45
23471 1 37
23471 1 2
23471 1 92
23471 33 20
23471 32 314
23471 17 19
23471 17 33
23471 17 47
23471 44 25
23471 44 5
23471 37 1
23471 188 109
23471 2 31
23471 92 34
23471 24 18
23471 169 110
23471 11 6
23471 11 6
23471 16 17
23472 31 17
23472 31 45
23472 31 2
23472 31 2
23472 31 2
23472 31 92
23472 18 47
23472 18 12
23472 25 34
23472 25 47
23472 1 18
23472 34 37
23472 34 37
23472 34 37
23472 34 37
23472 34 37
23472 34 37
23472 34 37
23472 33 37
23472 33 37
23472 33 37
23472 33 37
23472 32 19
23472 47 18
23472 47 32
23472 47 45
23472 188 4
23472 5 57
23472 2 31
23472 2 19
23472 2 19
23472 2 33
23472 9 308
23472 29 202
23472 29 202
23472 29 202
23472 16 17
23473 31 25
23473 31 48
23473 31 32
23473 31 36
23473 31 5
23473 18 12
23473 25 67
23473 48 34
23473 33 37
23473 33 37
23473 57 32
23473 57 32
23473 57 37
23473 57 37
23473 20 19
23473 36 1
23473 36 33
23473 45 47
23473 47 25
23473 47 5
23473 3 97
23473 2 24
23473 92 31
23473 92 1
23473 92 33
23473 92 33
23473 92 67
23473 9 315
23473 16 17
23474 18 12
23474 48 19
23474 32 310
23474 32 316
23474 17 33
23474 17 24
23474 20 1
23474 20 33
23474 47 25
23474 188 49
23474 188 4
23474 3 317
23474 3 318
23474 9 319
23474 9 319
23474 169 110
23474 169 110
23475 65 85
23475 41 42
23475 42 41
23475 31 20
23475 18 33
23475 18 12
23475 48 1
23475 33 36
23475 33 92
23475 32 47
23475 32 312
23475 57 37
23475 57 37
23475 57 37
23475 17 19
23475 20 31
23475 20 67
23475 3 320
23475 2 57
23475 92 1
23475 92 34
23475 9 319
23475 11 6
23475 11 109
23475 29 202
23475 29 202
23475 29 202
23475 16 17
23476 31 25
23476 31 20
23476 31 45
23476 18 33
23476 18 57
23476 18 57
23476 18 12
23476 18 12
23476 19 18
23476 1 25
23476 1 25
23476 1 5
23476 1 5
23476 34 37
23476 36 33
23476 36 47
23476 188 163
23476 3 31
23476 11 6
23476 11 321
23476 147 44
23476 29 202
23476 16 17
23477 18 322
23477 18 323
23477 18 323
23477 1 32
23477 1 20
23477 1 92
23477 34 37
23477 34 37
23477 34 37
23477 34 37
23477 34 37
23477 34 37
23477 17 31
23477 17 33
23477 36 31
23477 36 47
23477 188 163
23477 188 163
23477 5 47
23477 5 67
23477 11 324
23477 16 17
23478 18 34
23478 18 322
23478 25 57
23478 25 47
23478 1 36
23478 1 2
23478 48 67
23478 33 18
23478 33 36
23478 33 37
23478 33 37
23478 33 37
23478 33 37
23478 33 37
23478 33 37
23478 33 37
23478 33 2
23478 57 37
23478 57 37
23478 57 37
23478 57 37
23478 57 37
23478 57 37
23478 20 67
23478 36 19
23478 36 1
23478 45 12
23478 5 57
23478 24 45
23478 169 110
23478 29 202
23478 16 17
23479 65 66
23479 18 24
23479 18 325
23479 25 57
23479 25 57
23479 48 31
23479 48 44
23479 48 44
23479 32 310
23479 20 31
23479 20 44
23479 36 31
23479 45 12
23479 45 22
23479 45 10
23479 188 124
23479 188 163
23479 92 31
23479 92 1
23479 92 44
23479 24 20
23479 67 20
23479 67 20
23479 67 5
23479 9 24
23479 169 110
23479 169 110
23479 11 321
23479 11 321
23479 29 202
23479 29 202
23479 16 17
23480 31 92
23480 31 92
23480 31 92
23480 31 92
23480 31 92
23480 31 92
23480 31 92
23480 31 92
23480 31 92
23480 31 92
23480 31 92
23480 31 92
23480 31 92
23480 31 92
23480 31 92
23480 31 92
23480 31 92
23480 31 92
23480 31 92
23480 31 92
23480 31 92
23480 31 92
23480 19 2
23480 25 34
23480 1 32
23480 1 45
23480 1 2
23480 33 17
23480 33 5
23480 57 45
23480 44 20
23480 44 45
23480 44 92
23480 188 89
23480 24 18
23480 24 32
23480 24 2
23480 169 326
23480 11 321
23480 147 44
23480 29 202
23480 16 17
23480 16 40
23480 16 40
23481 65 57
23481 19 20
23481 25 34
23481 25 57
23481 57 18
23481 57 25
23481 57 48
23481 57 17
23481 57 36
23481 57 2
23481 36 33
23481 36 47
23481 44 48
23481 44 32
23481 44 37
23481 44 5
23481 45 22
23481 45 22
23481 37 44
23481 188 89
23481 24 17
23481 169 110
23481 11 289
23481 16 17
23482 18 327
23482 1 18
23482 33 37
23482 36 57
23482 44 25
23482 44 35
23482 44 20
23482 44 2
23482 188 124
23482 188 89
23482 24 45
23482 169 110
23482 11 321
23482 29 202
23482 16 17
23483 65 1
23483 31 25
23483 18 327
23483 25 44
23483 25 44
23483 1 17
23483 1 2
23483 1 92
23483 33 45
23483 32 312
23483 57 48
23483 57 37
23483 57 37
23483 57 37
23483 57 37
23483 57 37
23483 57 37
23483 57 37
23483 57 37
23483 57 37
23483 57 37
23483 57 37
23483 45 31
23483 45 33
23483 45 44
23483 47 18
23483 47 25
23483 47 48
23483 47 17
23483 47 36
23483 47 2
23483 188 124
23483 188 149
23483 29 52
23483 29 52
23483 29 52
23483 16 17
23484 65 31
23484 66 65
23484 18 327
23484 1 18
23484 1 48
23484 1 32
23484 1 32
23484 1 36
23484 1 45
23484 1 45
23484 1 45
23484 1 37
23484 1 5
23484 34 92
23484 33 18
23484 33 25
23484 33 32
23484 33 37
23484 33 37
23484 33 37
23484 33 5
23484 32 312
23484 32 142
23484 57 37
23484 57 37
23484 44 45
23484 45 22
23484 37 1
23484 188 149
23484 5 34
23484 5 34
23484 5 67
23484 2 34
23484 2 33
23484 169 78
23484 169 328
23484 169 329
23484 11 321
23484 29 207
23484 29 207
23484 16 17
23485 65 34
23485 41 42
23485 42 41
23485 18 330
23485 18 330
23485 19 36
23485 19 92
23485 25 57
23485 25 24
23485 1 17
23485 1 20
23485 1 36
23485 1 2
23485 34 48
23485 34 48
23485 34 37
23485 34 92
23485 48 1
23485 85 92
23485 33 25
23485 33 36
23485 33 2
23485 32 312
23485 17 1
23485 20 34
23485 45 22
23485 45 22
23485 45 46
23485 47 48
23485 47 36
23485 37 34
23485 5 33
23485 2 57
23485 92 85
23485 169 329
23485 169 329
23485 11 321
23485 29 207
23485 16 17
23486 65 66
23486 65 33
23486 18 330
23486 18 331
23486 18 332
23486 19 2
23486 25 57
23486 1 32
23486 1 20
23486 1 45
23486 34 25
23486 34 35
23486 34 35
23486 34 17
23486 34 2
23486 35 34
23486 48 1
23486 48 34
23486 48 24
23486 33 20
23486 33 37
23486 33 37
23486 33 37
23486 33 37
23486 33 37
23486 33 37
23486 33 37
23486 33 37
23486 33 37
23486 32 57
23486 17 34
23486 36 33
23486 36 57
23486 45 1
23486 45 47
23486 45 202
23486 169 329
23486 11 333
23486 29 52
23486 16 17
23487 31 48
23487 31 48
23487 31 48
23487 31 48
23487 31 48
23487 31 32
23487 31 32
23487 31 32
23487 31 32
23487 31 32
23487 31 32
23487 31 32
23487 31 32
23487 31 32
23487 31 32
23487 31 32
23487 31 32
23487 31 32
23487 31 32
23487 31 32
23487 31 32
23487 31 32
23487 31 32
23487 31 32
23487 31 32
23487 31 32
23487 31 32
23487 31 32
23487 31 32
23487 31 45
23487 18 330
23487 25 34
23487 25 67
23487 1 2
23487 48 31
23487 33 32
23487 32 31
23487 32 1
23487 32 1
23487 32 67
23487 17 31
23487 17 34
23487 45 31
23487 45 1
23487 92 34
23487 169 334
23487 29 207
23487 29 52
23487 29 52
23487 16 17
23488 31 45
23488 31 45
23488 31 45
23488 31 45
23488 18 335
23488 25 19
23488 25 34
23488 25 33
23488 25 33
23488 25 47
23488 20 34
23488 29 207
23488 29 207
23488 29 52
23488 16 17
23489 66 85
23489 25 31
23489 25 67
23489 33 2
23489 32 336
23489 57 37
23489 57 37
23489 57 37
23489 57 37
23489 57 37
23489 57 37
23489 57 37
23489 57 37
23489 57 5
23489 17 1
23489 17 1
23489 20 44
23489 20 44
23489 36 337
23489 45 202
23489 188 149
23489 2 44
23489 2 47
23489 67 32
23489 29 207
23489 16 17
23490 65 85
23490 18 34
23490 18 24
23490 1 32
23490 1 45
23490 33 25
23490 57 25
23490 36 1
23490 36 1
23490 45 202
23490 47 35
23490 92 31
23490 92 1
23490 92 67
23490 67 32
23490 67 36
23490 29 52
23490 16 17
23491 31 2
23491 31 2
23491 31 2
23491 31 2
23491 31 2
23491 31 2
23491 31 2
23491 31 2
23491 31 2
23491 31 2
23491 31 2
23491 31 2
23491 31 2
23491 31 2
23491 31 2
23491 31 2
23491 31 2
23491 31 2
23491 31 2
23491 31 2
23491 31 2
23491 31 2
23491 31 2
23491 31 2
23491 31 92
23491 31 92
23491 31 92
23491 31 92
23491 18 47
23491 48 34
23491 57 37
23491 57 37
23491 20 44
23491 20 44
23491 44 5
23491 188 149
23491 2 31
23491 92 31
23491 92 67
23491 24 35
23491 24 45
23491 169 334
23491 11 338
23491 29 203
23491 29 203
23491 29 207
23491 16 17
23492 31 92
23492 25 1
23492 25 57
23492 25 57
23492 25 57
23492 25 57
23492 25 57
23492 25 57
23492 25 57
23492 25 57
23492 25 57
23492 25 57
23492 25 57
23492 25 57
23492 25 57
23492 25 57
23492 25 57
23492 25 57
23492 25 57
23492 25 57
23492 25 24
23492 33 35
23492 32 339
23492 32 340
23492 57 25
23492 20 1
23492 45 202
23492 47 18
23492 47 20
23492 47 2
23492 47 92
23492 188 149
23492 188 149
23492 67 48
23492 67 20
23492 169 334
23492 29 203
23492 29 207
23492 29 207
23492 16 17
23492 16 40
23492 16 40
23493 31 20
23493 31 5
23493 31 2
23493 18 341
23493 19 18
23493 25 33
23493 25 33
23493 57 37
23493 45 52
23493 188 149
23493 188 149
23493 169 342
23493 29 207
23493 16 17
23494 18 24
23494 18 67
23494 19 25
23494 25 19
23494 25 33
23494 45 52
23494 169 334
23494 11 343
23494 29 203
23494 16 17
23495 65 66
23495 41 42
23495 42 41
23495 32 340
23495 2 47
23495 169 344
23495 11 343
23495 29 207
23495 16 17
23496 48 19
23496 48 34
23496 48 47
23496 48 67
23496 188 149
23496 24 18
23496 169 344
23496 11 15
23496 29 203
23496 29 203
23496 29 160
23496 29 160
23496 16 17
23497 48 24
23497 20 47
23497 37 24
23497 188 149
23497 24 32
23497 24 37
23497 169 345
23497 169 345
23497 11 346
23497 11 15
23497 29 203
23497 29 160
23497 16 17
23498 1 32
23498 1 17
23498 1 2
23498 32 340
23498 57 37
23498 57 37
23498 57 37
23498 57 37
23498 57 37
23498 57 37
23498 57 37
23498 45 203
23498 45 203
23498 188 149
23498 92 47
23498 24 25
23498 11 38
23498 16 17
23499 31 32
23499 31 32
23499 31 32
23499 31 32
23499 18 347
23499 32 31
23499 32 340
23499 44 5
23499 188 149
23499 92 33
23499 92 47
23499 92 67
23499 169 345
23499 169 348
23499 11 54
23499 13 34
23499 29 203
23499 29 160
23499 16 17
23500 18 80
23500 48 34
23500 32 33
23500 32 349
23500 32 349
23500 44 18
23500 45 350
23500 45 350
23500 188 304
23500 188 149
23500 2 1
23500 2 34
23500 2 33
23500 169 345
23500 11 61
23500 29 207
23500 29 207
23500 29 207
23500 16 17
23501 18 80
23501 48 34
23501 36 1
23501 36 47
23501 45 203
23501 24 48
23501 24 48
23501 24 45
23501 51 160
23501 11 74
23501 11 79
23501 16 17
23502 19 18
23502 19 48
23502 19 32
23502 19 36
23502 19 45
23502 19 5
23502 25 57
23502 25 57
23502 25 57
23502 25 57
23502 25 57
23502 25 57
23502 34 48
23502 34 36
23502 34 2
23502 33 32
23502 57 25
23502 188 305
23502 24 25
23502 11 80
23502 16 17
23503 65 24
23503 66 65
23503 25 34
23503 25 24
23503 33 2
23503 20 31
23503 20 31
23503 45 31
23503 45 19
23503 45 34
23503 45 33
23503 45 44
23503 45 203
23503 45 280
23503 5 19
23503 5 1
23503 51 202
23503 51 202
23503 11 80
23503 11 80
23503 11 91
23503 29 6
23503 29 6
23503 29 350
23503 29 350
23503 29 350
23503 29 207
23503 16 17
23504 19 45
23504 32 19
23504 32 1
23504 32 52
23504 32 52
23504 32 349
23504 36 31
23504 36 19
23504 45 249
23504 45 285
23504 51 1
23504 51 202
23504 51 202
23504 51 202
23504 9 12
23504 169 67
23504 11 80
23504 11 80
23504 29 6
23504 16 17
23504 16 40
23504 16 40
23505 41 42
23505 42 41
23505 32 109
23505 36 57
23505 45 31
23505 45 57
23505 45 46
23505 45 69
23505 188 351
23505 188 352
23505 51 353
23505 51 202
23505 11 96
23505 16 17
23506 65 85
23506 31 5
23506 31 92
23506 32 49
23506 32 204
23506 32 4
23506 32 52
23506 44 20
23506 45 57
23506 45 47
23506 9 148
23506 29 6
23506 29 350
23506 16 17
23507 33 18
23507 33 45
23507 32 4
23507 57 20
23507 57 45
23507 57 5
23507 51 60
23507 29 350
23507 29 350
23507 29 350
23507 29 207
23507 16 17
23508 34 18
23508 34 92
23508 32 4
23508 188 354
23508 188 355
23508 188 356
23508 5 19
23508 51 337
23508 11 96
23508 11 102
23508 29 207
23508 29 207
23508 16 17
23509 66 85
23509 32 4
23509 32 4
23509 57 45
23509 36 24
23509 45 19
23509 188 172
23509 51 298
23509 16 17
23510 31 5
23510 31 5
23510 31 5
23510 31 5
23510 31 5
23510 31 5
23510 48 31
23510 48 24
23510 17 24
23510 44 18
23510 44 45
23510 44 45
23510 5 31
23510 92 34
23510 24 20
23510 9 357
23510 11 96
23510 29 203
23510 29 203
23510 29 350
23510 16 17
23511 65 66
23511 65 31
23511 31 20
23511 31 20
23511 31 20
23511 31 20
23511 31 20
23511 31 45
23511 18 31
23511 18 34
23511 18 34
23511 20 31
23511 36 24
23511 44 25
23511 47 2
23511 37 24
23511 24 25
23511 24 20
23511 24 36
23511 24 37
23511 24 2
23511 9 124
23511 9 124
23511 9 10
23511 11 104
23511 29 203
23511 29 207
23511 29 264
23511 29 264
23511 16 17
23512 31 20
23512 31 20
23512 31 20
23512 31 20
23512 31 20
23512 31 20
23512 31 20
23512 31 20
23512 31 20
23512 31 20
23512 31 20
23512 31 20
23512 31 20
23512 31 20
23512 25 33
23512 25 44
23512 25 44
23512 25 44
23512 25 44
23512 25 44
23512 25 44
23512 25 44
23512 25 44
23512 25 44
23512 25 44
23512 25 44
23512 25 44
23512 25 44
23512 25 44
23512 25 44
23512 25 44
23512 25 44
23512 25 44
23512 25 44
23512 25 44
23512 25 44
23512 25 44
23512 25 44
23512 25 44
23512 33 48
23512 33 45
23512 33 5
23512 45 33
23512 37 24
23512 188 358
23512 188 172
23512 2 57
23512 24 48
23512 24 48
23512 24 36
23512 24 45
23512 24 37
23512 9 160
23512 9 311
23512 29 264
23512 16 17
23513 18 44
23513 25 31
23513 25 19
23513 25 33
23513 25 33
23513 25 57
23513 25 44
23513 25 44
23513 25 44
23513 25 44
23513 25 44
23513 25 44
23513 34 45
23513 34 2
23513 33 25
23513 32 207
23513 32 264
23513 57 18
23513 57 25
23513 57 2
23513 44 25
23513 51 6
23513 51 297
23513 9 311
23513 9 311
23513 29 203
23513 16 17
23514 25 44
23514 25 44
23514 25 44
23514 25 44
23514 25 44
23514 25 44
23514 25 44
23514 25 44
23514 25 44
23514 25 44
23514 25 44
23514 25 44
23514 188 78
23514 2 19
23514 2 57
23514 2 47
23514 2 24
23514 51 297
23514 51 297
23514 9 311
23514 29 264
23514 29 359
23514 16 17
23515 41 42
23515 42 41
23515 31 45
23515 57 2
23515 47 18
23515 47 32
23515 47 2
23515 51 360
23515 9 361
23515 29 280
23515 29 280
23515 29 280
23515 29 359
23515 16 17
23516 32 207
23516 37 31
23516 9 361
23516 9 311
23516 29 359
23516 16 17
23516 16 40
23516 16 40
23517 51 362
23517 9 124
23517 9 189
23517 9 190
23517 9 190
23517 16 17
23518 31 45
23518 31 45
23518 31 45
23518 31 45
23518 31 45
23518 31 45
23518 31 45
23518 31 45
23518 31 45
23518 31 45
23518 31 45
23518 31 45
23518 31 45
23518 31 45
23518 31 45
23518 31 45
23518 31 45
23518 31 45
23518 31 45
23518 31 45
23518 31 45
23518 31 45
23518 45 31
23518 29 203
23518 29 203
23518 29 280
23518 16 17
23519 32 160
23519 37 24
23519 24 37
23519 29 203
23519 29 27
23519 29 27
23519 29 27
23519 16 17
23520 25 67
23520 48 34
23520 51 362
23520 9 279
23520 9 190
23520 16 17
23520 16 40
23520 16 40
23520 16 40
23520 16 40
23521 65 1
23521 66 65
23521 51 362
23521 51 362
23521 29 203
23521 29 285
23521 29 285
23521 16 17
23522 65 57
23522 32 280
23522 51 362
23522 51 301
23522 29 27
23522 29 285
23522 16 17
23523 65 24
23523 9 206
23523 9 206
23523 9 279
23523 9 321
23523 29 8
23523 29 8
23523 16 17
23524 65 85
23524 31 32
23524 31 32
23524 31 32
23524 31 32
23524 31 32
23524 31 32
23524 33 20
23524 33 36
23524 33 45
23524 32 31
23524 36 34
23524 51 301
23524 29 285
23524 29 8
23524 16 17
23525 65 44
23525 41 42
23525 42 41
23525 31 18
23525 31 18
23525 31 18
23525 31 18
23525 31 18
23525 31 18
23525 31 18
23525 31 18
23525 31 18
23525 31 18
23525 31 18
23525 31 18
23525 31 18
23525 31 18
23525 31 18
23525 31 18
23525 31 18
23525 31 18
23525 31 18
23525 31 18
23525 31 18
23525 31 18
23525 31 18
23525 31 18
23525 31 18
23525 31 18
23525 31 18
23525 31 18
23525 31 18
23525 31 18
23525 18 31
23525 18 44
23525 18 67
23525 34 36
23525 34 2
23525 32 363
23525 45 33
23525 45 57
23525 45 46
23525 51 364
23525 51 365
23525 9 208
23525 9 206
23525 9 206
23525 29 249
23525 29 249
23525 16 17
23525 16 40
23525 16 40
23525 16 40
23525 16 40
23526 65 66
23526 65 34
23526 1 18
23526 1 48
23526 1 32
23526 1 20
23526 1 5
23526 32 57
23526 32 44
23526 32 44
23526 32 67
23526 32 207
23526 32 207
23526 32 207
23526 17 44
23526 44 18
23526 44 17
23526 44 5
23526 44 2
23526 47 18
23526 47 20
23526 47 5
23526 2 44
23526 51 366
23526 29 4
23526 29 4
23526 29 249
23526 29 8
23526 16 17
23527 65 66
23527 65 33
23527 18 1
23527 18 47
23527 1 25
23527 44 25
23527 44 35
23527 44 32
23527 44 20
23527 44 36
23527 29 4
23527 16 17
23528 65 67
23528 20 47
23528 37 24
23528 24 48
23528 24 32
23528 24 17
23528 24 20
23528 24 36
23528 24 45
23528 24 37
23528 24 2
23528 24 92
23528 9 208
23528 9 367
23528 9 368
23528 29 249
23528 16 17
23528 16 40
23528 16 40
23529 32 207
23529 51 366
23529 51 366
23529 51 366
23529 29 4
23529 29 69
23529 29 69
23529 16 17
23530 65 19
23530 18 19
23530 18 57
23530 18 47
23530 36 19
23530 36 1
23530 36 1
23530 29 4
23530 29 4
23530 29 4
23530 29 69
23530 16 17
23531 65 47
23531 66 85
23531 19 36
23531 19 5
23531 19 92
23531 25 1
23531 1 36
23531 1 45
23531 32 264
23531 17 1
23531 17 24
23531 51 366
23531 51 369
23531 16 17
23532 31 18
23532 31 25
23532 31 36
23532 31 2
23532 19 25
23532 44 48
23532 45 24
23532 47 32
23532 5 19
23532 5 24
23532 51 370
23532 51 371
23532 9 372
23532 9 372
23532 29 69
23532 16 17
23533 18 24
23533 19 18
23533 32 264
23533 9 372
23533 29 4
23534 25 31
23534 25 1
23534 25 1
23534 25 1
23534 25 1
23534 25 1
23534 25 1
23534 25 1
23534 25 1
23534 25 1
23534 25 1
23534 25 1
23534 25 1
23534 25 1
23534 25 1
23534 25 1
23534 25 1
23534 25 1
23534 25 1
23534 25 1
23534 25 1
23534 25 1
23534 25 1
23534 25 1
23534 25 1
23534 25 57
23534 1 25
23534 1 45
23534 1 92
23534 67 45
23534 51 373
23534 9 372
23534 9 372
23534 147 4
23534 147 27
23534 147 14
23534 16 17
23535 41 42
23535 42 41
23535 31 20
23535 31 36
23535 18 67
23535 1 45
23535 32 207
23535 24 25
23535 24 92
23535 67 18
23535 51 371
23535 147 203
23535 147 14
23535 29 4
23535 29 4
23535 29 4
23535 16 17
23536 32 171
23536 20 44
23536 36 31
23536 36 67
23536 67 18
23536 67 25
23536 67 35
23536 67 32
23536 67 17
23536 67 20
23536 67 36
23536 67 45
23536 67 45
23536 67 5
23536 67 5
23536 67 2
23536 67 92
23536 51 371
23536 16 17
23537 66 65
23537 18 33
23537 18 44
23537 25 34
23537 25 44
23537 25 67
23537 34 5
23537 48 24
23537 33 17
23537 32 171
23537 32 171
23537 17 33
23537 44 25
23537 44 48
23537 44 37
23537 37 44
23537 5 34
23537 67 25
23537 67 35
23537 67 32
23537 67 20
23537 67 36
23537 51 374
23537 147 203
23537 16 17
23538 31 35
23538 18 103
23538 34 36
23538 33 18
23538 33 32
23538 17 33
23538 17 47
23538 36 34
23538 36 24
23538 44 20
23538 44 36
23538 44 5
23538 3 12
23538 5 57
23538 5 44
23538 5 67
23538 92 34
23538 92 67
23538 51 375
23538 51 376
23538 51 377
23538 9 372
23538 9 378
23538 29 4
23538 16 17
23539 65 85
23539 32 171
23539 32 171
23539 57 36
23539 17 24
23539 47 20
23539 47 2
23539 92 57
23539 51 379
23539 147 380
23539 147 380
23539 16 17
23540 18 109
23540 18 103
23540 1 2
23540 1 2
23540 32 67
23540 45 67
23540 5 67
23540 51 381
23540 9 78
23540 9 378
23540 147 380
23540 16 17
23540 16 40
23540 16 40
23541 34 2
23541 5 67
23541 9 378
23541 147 22
23541 29 4
23541 29 4
23541 16 17
23542 18 110
23542 25 57
23542 25 57
23542 25 57
23542 25 57
23542 25 57
23542 25 57
23542 25 57
23542 25 57
23542 25 57
23542 25 57
23542 25 57
23542 25 57
23542 25 57
23542 25 57
23542 25 57
23542 25 57
23542 25 57
23542 25 57
23542 25 57
23542 25 57
23542 25 57
23542 25 57
23542 25 57
23542 25 57
23542 25 57
23542 25 57
23542 25 57
23542 25 57
23542 25 57
23542 25 57
23542 57 25
23542 3 12
23542 3 22
23542 3 10
23542 2 31
23542 2 47
23542 2 67
23542 29 4
23542 16 17
23543 65 66
23543 18 110
23543 9 382
23543 147 22
23543 147 383
23543 147 383
23543 147 383
23543 16 17
23543 384 37
23543 384 37
23543 384 37
23543 384 37
23543 384 37
23544 31 48
23544 31 48
23544 31 48
23544 31 48
23544 31 48
23544 31 48
23544 31 48
23544 31 48
23544 31 48
23544 31 48
23544 31 48
23544 31 48
23544 31 48
23544 31 48
23544 31 48
23544 31 48
23544 31 48
23544 31 48
23544 31 48
23544 31 48
23544 31 48
23544 31 48
23544 31 48
23544 31 48
23544 18 124
23544 18 22
23544 18 110
23544 1 18
23544 1 32
23544 1 20
23544 1 37
23544 48 31
23544 32 33
23544 32 67
23544 32 171
23544 32 171
23544 32 385
23544 20 19
23544 20 67
23544 37 1
23544 29 4
23544 16 17
23544 384 37
23544 384 37
23544 384 37
23544 384 37
23544 384 37
23544 384 37
23544 384 37
23544 384 37
23544 384 37
23544 384 37
23544 384 37
23544 384 37
23544 384 37
23544 384 37
23544 384 37
23544 384 37
23544 384 37
23544 384 37
23544 384 37
23544 384 37
23544 384 37
23544 384 37
23544 384 37
23544 384 37
23544 384 37
23544 384 37
23544 384 37
23544 384 37
23544 384 37
23544 384 37
23544 384 37
23544 384 37
23544 384 37
23544 384 37
23544 384 37
23544 384 37
23544 384 37
23545 41 42
23545 42 41
23545 32 171
23545 36 57
23545 45 46
23545 3 22
23545 92 31
23545 92 19
23545 92 67
23545 9 386
23545 9 386
23545 9 387
23545 29 49
23545 16 17
23545 384 37
23545 384 37
23545 384 37
23545 384 37
23545 384 37
23545 384 37
23545 384 37
23545 384 37
23545 384 37
23545 384 37
23545 384 37
23545 384 37
23545 384 37
23545 384 37
23545 384 37
23545 384 37
23545 384 37
23545 384 37
23545 384 37
23545 384 37
23545 384 37
23545 384 37
23545 384 37
23545 384 37
23545 384 37
23545 384 37
23545 384 37
23545 384 37
23545 384 37
23545 384 37
23545 384 37
23545 384 37
23545 384 37
23545 384 37
23545 384 37
23545 384 37
23545 384 37
23545 384 37
23545 384 37
23546 31 45
23546 31 2
23546 31 92
23546 31 92
23546 31 92
23546 31 92
23546 31 92
23546 31 92
23546 18 130
23546 3 22
23546 92 31
23546 9 386
23546 9 386
23546 29 49
23546 29 49
23546 16 17
23546 384 37
23546 384 37
23546 384 37
23546 384 37
23546 384 37
23546 384 37
23546 384 37
23546 384 37
23546 384 37
23546 384 37
23546 384 37
23546 384 37
23546 384 37
23546 384 37
23546 384 37
23546 384 37
23546 384 37
23546 384 37
23546 384 37
23546 384 37
23546 384 37
23546 384 37
23546 384 37
23546 384 37
23546 384 37
23546 384 37
23546 384 37
23546 384 37
23546 384 37
23546 384 37
23546 384 37
23546 384 37
23546 384 37
23546 384 37
23546 384 37
23546 384 37
23546 384 37
23547 31 36
23547 18 131
23547 18 28
23547 33 18
23547 33 45
23547 32 171
23547 32 388
23547 47 2
23547 67 5
23547 67 2
23547 67 2
23547 13 34
23547 16 17
23547 384 37
23547 384 37
23547 384 37
23547 384 37
23547 384 37
23547 384 37
23547 384 37
23547 384 37
23547 384 37
23547 384 37
23547 384 37
23547 384 37
23547 384 37
23547 384 37
23547 384 37
23547 384 37
23547 384 37
23547 384 37
23547 384 37
23547 384 37
23547 384 37
23547 384 37
23547 384 37
23547 384 37
23547 384 37
23547 384 37
23547 384 37
23547 384 37
23547 384 37
23547 384 37
23547 384 37
23547 384 37
23547 384 37
23547 384 37
23547 384 37
23547 384 37
23548 31 18
23548 31 18
23548 31 18
23548 31 18
23548 31 18
23548 31 18
23548 31 18
23548 31 18
23548 31 18
23548 31 18
23548 31 18
23548 31 18
23548 31 18
23548 31 18
23548 31 18
23548 31 18
23548 31 18
23548 31 18
23548 31 18
23548 31 18
23548 31 18
23548 31 18
23548 31 32
23548 31 2
23548 31 92
23548 18 31
23548 18 130
23548 18 137
23548 1 18
23548 1 32
23548 34 2
23548 32 389
23548 32 389
23548 5 34
23548 5 57
23548 67 92
23548 16 17
23548 384 37
23548 384 37
23548 384 37
23548 384 37
23548 384 37
23548 384 37
23548 384 37
23548 384 37
23548 384 37
23548 384 37
23548 384 37
23548 384 37
23548 384 37
23548 384 37
23548 384 37
23548 384 37
23548 384 37
23548 384 37
23548 384 37
23548 384 37
23548 384 37
23548 384 37
23548 384 37
23548 384 37
23548 384 37
23548 384 37
23548 384 37
23548 384 37
23548 384 37
23548 384 37
23548 384 37
23548 384 37
23548 384 37
23548 384 37
23548 384 37
23548 384 37
23549 31 92
23549 18 130
23549 25 1
23549 25 1
23549 25 1
23549 25 1
23549 25 1
23549 25 1
23549 25 1
23549 25 1
23549 25 1
23549 25 1
23549 25 1
23549 25 1
23549 25 1
23549 25 1
23549 25 1
23549 25 1
23549 25 1
23549 25 1
23549 25 1
23549 25 1
23549 25 1
23549 25 1
23549 25 1
23549 25 1
23549 1 25
23549 48 31
23549 48 19
23549 48 47
23549 20 24
23549 3 22
23549 3 22
23549 3 22
23549 9 192
23549 147 383
23549 147 383
23549 29 49
23549 29 62
23549 29 62
23549 16 17
23549 384 37
23549 384 37
23549 384 37
23549 384 37
23549 384 37
23549 384 37
23549 384 37
23549 384 37
23549 384 37
23549 384 37
23549 384 37
23549 384 37
23549 384 37
23549 384 37
23549 384 37
23549 384 37
23549 384 37
23549 384 37
23549 384 37
23549 384 37
23549 384 37
23549 384 37
23549 384 37
23549 384 37
23549 384 37
23549 384 37
23549 384 37
23549 384 37
23549 384 37
23549 384 37
23549 384 37
23549 384 37
23550 18 130
23550 19 92
23550 48 19
23550 48 57
23550 48 47
23550 33 2
23550 147 131
23550 29 62
23550 16 17
23550 384 37
23550 384 37
23550 384 37
23550 384 37
23550 384 37
23550 384 37
23550 384 37
23550 384 37
23550 384 37
23550 384 37
23550 384 37
23550 384 37
23550 384 37
23550 384 37
23550 384 37
23550 384 37
23550 384 37
23550 384 37
23550 384 37
23550 384 37
23550 384 37
23550 384 37
23550 384 37
23550 384 37
23550 384 37
23550 384 37
23550 384 37
23550 384 37
23550 384 37
23550 384 37
23550 384 37
23550 384 37
23550 384 37
23550 384 37
23550 384 37
23550 384 37
23551 31 35
23551 31 35
23551 31 35
23551 31 35
23551 18 33
23551 18 44
23551 18 130
23551 18 130
23551 18 153
23551 1 37
23551 1 5
23551 1 2
23551 34 2
23551 35 31
23551 32 390
23551 45 33
23551 37 1
23551 147 383
23551 16 17
23551 384 37
23551 384 37
23551 384 37
23551 384 37
23551 384 37
23551 384 37
23551 384 37
23551 384 37
23551 384 37
23551 384 37
23551 384 37
23551 384 37
23551 384 37
23551 384 37
23551 384 37
23551 384 37
23551 384 37
23551 384 37
23551 384 37
23551 384 37
23551 384 37
23551 384 37
23551 384 37
23551 384 37
23551 384 37
23551 384 37
23551 384 37
23551 384 37
23551 384 37
23551 384 37
23551 384 37
23551 384 37
23551 384 37
23551 384 37
23551 384 37
23552 31 48
23552 18 47
23552 18 130
23552 32 389
23552 57 48
23552 57 2
23552 20 67
23552 29 62
23552 16 17
23552 16 40
23552 16 40
23552 384 37
23552 384 37
23552 384 37
23552 384 37
23552 384 37
23552 384 37
23552 384 37
23552 384 37
23552 384 37
23552 384 37
23552 384 37
23552 384 37
23552 384 37
23552 384 37
23552 384 37
23552 384 37
23552 384 37
23552 384 37
23552 384 37
23552 384 37
23552 384 37
23552 384 37
23552 384 37
23552 384 37
23552 384 37
23552 384 37
23552 384 37
23552 384 37
23552 384 37
23552 384 37
23552 384 37
23552 384 37
23552 384 37
23552 384 37
23552 384 37
23552 384 37
23552 384 37
23552 384 37
23552 384 37
23552 384 37
23553 18 52
23553 32 389
23553 57 32
23553 57 36
23553 57 5
23553 92 6
23553 67 32
23553 9 192
23553 16 17
23553 384 37
23553 384 37
23553 384 37
23553 384 37
23553 384 37
23553 384 37
23553 384 37
23553 384 37
23553 384 37
23553 384 37
23553 384 37
23553 384 37
23553 384 37
23553 384 37
23553 384 37
23553 384 37
23553 384 37
23553 384 37
23553 384 37
23553 384 37
23553 384 37
23553 384 37
23553 384 37
23553 384 37
23553 384 37
23553 384 37
23553 384 37
23553 384 37
23553 384 37
23553 384 37
23553 384 37
23553 384 37
23553 384 37
23553 384 37
23553 384 37
23553 384 37
23553 384 37
23553 384 37
23554 65 85
23554 32 391
23554 47 48
23554 47 48
23554 147 26
23554 147 392
23554 16 17
23554 384 37
23554 384 37
23554 384 37
23554 384 37
23554 384 37
23554 384 37
23554 384 37
23554 384 37
23554 384 37
23554 384 37
23554 384 37
23554 384 37
23554 384 37
23554 384 37
23554 384 37
23554 384 37
23554 384 37
23554 384 37
23554 384 37
23554 384 37
23554 384 37
23554 384 37
23554 384 37
23554 384 37
23554 384 37
23554 384 37
23554 384 37
23554 384 37
23554 384 37
23554 384 37
23554 384 37
23554 384 37
23554 384 37
23554 384 37
23554 384 37
23554 384 37
23554 384 37
23554 384 37
23554 384 37
23554 384 37
23554 384 37
23555 41 42
23555 42 41
23555 18 52
23555 32 393
23555 2 6
23555 2 6
23555 2 202
23555 92 4
23555 92 265
23555 9 394
23555 147 26
23555 147 26
23555 147 27
23555 147 27
23555 147 392
23555 147 8
23555 29 62
23555 29 62
23555 16 17
23555 384 37
23555 384 37
23555 384 37
23555 384 37
23555 384 37
23555 384 37
23555 384 37
23555 384 37
23555 384 37
23555 384 37
23555 384 37
23555 384 37
23555 384 37
23555 384 37
23555 384 37
23555 384 37
23555 384 37
23555 384 37
23555 384 37
23555 384 37
23555 384 37
23555 384 37
23555 384 37
23555 384 37
23555 384 37
23555 384 37
23555 384 37
23555 384 37
23555 384 37
23555 384 37
23555 384 37
23555 384 37
23555 384 37
23555 384 37
23555 384 37
23555 384 37
23555 384 37
23555 384 37
23555 384 37
23555 384 37
23555 384 37
23555 384 37
23556 92 4
23556 147 26
23556 29 62
23556 16 17
23556 384 37
23556 384 37
23556 384 37
23556 384 37
23556 384 37
23556 384 37
23556 384 37
23556 384 37
23556 384 37
23556 384 37
23556 384 37
23556 384 37
23556 384 37
23556 384 37
23556 384 37
23556 384 37
23556 384 37
23556 384 37
23556 384 37
23556 384 37
23556 384 37
23556 384 37
23556 384 37
23556 384 37
23556 384 37
23556 384 37
23556 384 37
23556 384 37
23556 384 37
23556 384 37
23556 384 37
23556 384 37
23556 384 37
23556 384 37
23556 384 37
23556 384 37
23556 384 37
23556 384 37
23556 384 37
23556 384 37
23556 384 37
23557 66 85
23557 18 52
23557 18 165
23557 48 57
23557 48 57
23557 48 67
23557 2 6
23557 2 6
23557 2 6
23557 2 6
23557 92 19
23557 92 44
23557 92 67
23557 9 21
23557 9 21
23557 9 21
23557 147 50
23557 16 17
23557 384 37
23557 384 37
23557 384 37
23557 384 37
23557 384 37
23557 384 37
23557 384 37
23557 384 37
23557 384 37
23557 384 37
23557 384 37
23557 384 37
23557 384 37
23557 384 37
23557 384 37
23557 384 37
23557 384 37
23557 384 37
23557 384 37
23557 384 37
23557 384 37
23557 384 37
23557 384 37
23557 384 37
23557 384 37
23557 384 37
23557 384 37
23557 384 37
23557 384 37
23557 384 37
23557 384 37
23557 384 37
23557 384 37
23557 384 37
23557 384 37
23558 65 66
23558 18 164
23558 32 393
23558 3 202
23558 3 202
23558 3 202
23558 3 202
23558 2 57
23558 2 57
23558 2 6
23558 92 12
23558 147 50
23558 29 62
23558 16 17
23558 384 37
23558 384 37
23558 384 37
23558 384 37
23558 384 37
23558 384 37
23558 384 37
23558 384 37
23558 384 37
23558 384 37
23558 384 37
23558 384 37
23558 384 37
23558 384 37
23558 384 37
23558 384 37
23558 384 37
23558 384 37
23558 384 37
23558 384 37
23558 384 37
23558 384 37
23558 384 37
23558 384 37
23558 384 37
23558 384 37
23558 384 37
23558 384 37
23558 384 37
23558 384 37
23558 384 37
23558 384 37
23558 384 37
23558 384 37
23558 384 37
23558 384 37
23558 384 37
23558 384 37
23558 384 37
23559 65 47
23559 66 65
23559 18 78
23559 18 170
23559 25 24
23559 25 24
23559 25 24
23559 25 24
23559 57 48
23559 3 52
23559 2 33
23559 2 6
23559 2 67
23559 92 12
23559 92 12
23559 92 12
23559 92 60
23559 24 25
23559 16 17
23559 384 37
23559 384 37
23559 384 37
23559 384 37
23559 384 37
23559 384 37
23559 384 37
23559 384 37
23559 384 37
23559 384 37
23559 384 37
23559 384 37
23559 384 37
23559 384 37
23559 384 37
23559 384 37
23559 384 37
23559 384 37
23559 384 37
23559 384 37
23559 384 37
23559 384 37
23559 384 37
23559 384 37
23559 384 37
23559 384 37
23559 384 37
23559 384 37
23559 384 37
23559 384 37
23559 384 37
23559 384 37
23559 384 37
23559 384 37
23559 384 37
23559 384 37
23559 384 37
23559 384 37
23559 384 37
23560 19 92
23560 25 1
23560 25 1
23560 25 1
23560 25 1
23560 25 1
23560 25 1
23560 25 1
23560 25 1
23560 25 1
23560 25 1
23560 25 1
23560 25 1
23560 25 1
23560 25 1
23560 25 1
23560 25 1
23560 25 1
23560 25 1
23560 25 1
23560 25 1
23560 25 1
23560 25 1
23560 25 1
23560 25 1
23560 25 1
23560 25 1
23560 25 1
23560 25 1
23560 25 1
23560 25 1
23560 1 25
23560 32 33
23560 32 33
23560 32 395
23560 45 12
23560 45 214
23560 3 52
23560 67 18
23560 67 92
23560 9 21
23560 9 21
23560 9 21
23560 147 67
23560 16 17
23560 384 37
23560 384 37
23560 384 37
23560 384 37
23560 384 37
23560 384 37
23560 384 37
23560 384 37
23560 384 37
23560 384 37
23560 384 37
23560 384 37
23560 384 37
23560 384 37
23560 384 37
23560 384 37
23560 384 37
23560 384 37
23560 384 37
23560 384 37
23560 384 37
23560 384 37
23560 384 37
23560 384 37
23560 384 37
23560 384 37
23560 384 37
23560 384 37
23560 384 37
23560 384 37
23560 384 37
23560 384 37
23560 384 37
23560 384 37
23560 384 37
23560 384 37
23560 384 37
23561 66 18
23561 66 35
23561 66 2
23561 66 92
23561 18 164
23561 33 18
23561 33 25
23561 33 35
23561 33 32
23561 33 17
23561 33 20
23561 33 5
23561 33 2
23561 32 396
23561 45 214
23561 45 214
23561 3 203
23561 3 203
23561 3 350
23561 92 60
23561 9 21
23561 16 17
23561 384 37
23561 384 37
23561 384 37
23561 384 37
23561 384 37
23561 384 37
23561 384 37
23561 384 37
23561 384 37
23561 384 37
23561 384 37
23561 384 37
23561 384 37
23561 384 37
23561 384 37
23561 384 37
23561 384 37
23561 384 37
23561 384 37
23561 384 37
23561 384 37
23561 384 37
23561 384 37
23561 384 37
23561 384 37
23561 384 37
23561 384 37
23561 384 37
23561 384 37
23561 384 37
23561 384 37
23561 384 37
23561 384 37
23561 384 37
23561 384 37
23561 384 37
23562 18 172
23562 33 20
23562 33 36
23562 45 214
23562 3 350
23562 2 6
23562 2 6
23562 92 109
23562 92 60
23562 9 43
23562 29 62
23562 29 62
23562 29 62
23562 16 17
23562 384 37
23562 384 37
23562 384 37
23562 384 37
23562 384 37
23562 384 37
23562 384 37
23562 384 37
23562 384 37
23562 384 37
23562 384 37
23562 384 37
23562 384 37
23562 384 37
23562 384 37
23562 384 37
23562 384 37
23562 384 37
23562 384 37
23562 384 37
23562 384 37
23562 384 37
23562 384 37
23562 384 37
23562 384 37
23562 384 37
23562 384 37
23562 384 37
23562 384 37
23562 384 37
23562 384 37
23562 384 37
23562 384 37
23562 384 37
23562 384 37
23562 384 37
23562 384 37
23562 384 37
23562 384 37
23562 384 37
23562 384 37
23562 384 37
23563 45 214
23563 9 43
23563 147 72
23563 147 63
23563 147 76
23563 16 17
23563 16 17
23563 384 37
23563 384 37
23563 384 37
23563 384 37
23563 384 37
23563 384 37
23563 384 37
23563 384 37
23563 384 37
23563 384 37
23563 384 37
23563 384 37
23563 384 37
23563 384 37
23563 384 37
23563 384 37
23563 384 37
23563 384 37
23563 384 37
23563 384 37
23563 384 37
23563 384 37
23563 384 37
23563 384 37
23563 384 37
23563 384 37
23563 384 37
23563 384 37
23563 384 37
23563 384 37
23563 384 37
23563 384 37
23563 384 37
23563 384 37
23563 384 37
23563 384 37
23563 384 37
23563 384 37
23563 384 37
23563 384 37
23563 384 37
23563 384 37
23564 66 37
23564 18 172
23564 18 172
23564 32 397
23564 32 398
23564 45 214
23564 45 214
23564 5 33
23564 5 33
23564 5 57
23564 9 43
23564 16 17
23564 16 40
23564 16 40
23564 384 37
23564 384 37
23564 384 37
23564 384 37
23564 384 37
23564 384 37
23564 384 37
23564 384 37
23564 384 37
23564 384 37
23564 384 37
23564 384 37
23564 384 37
23564 384 37
23564 384 37
23564 384 37
23564 384 37
23564 384 37
23564 384 37
23564 384 37
23564 384 37
23564 384 37
23564 384 37
23564 384 37
23564 384 37
23564 384 37
23564 384 37
23564 384 37
23564 384 37
23564 384 37
23564 384 37
23564 384 37
23564 384 37
23564 384 37
23564 384 37
23564 384 37
23564 384 37
23564 384 37
23564 384 37
23565 41 42
23565 42 41
23565 31 18
23565 31 92
23565 32 44
23565 44 92
23565 3 203
23565 3 203
23565 3 280
23565 2 4
23565 92 31
23565 67 5
23565 67 2
23565 29 62
23565 16 17
23565 384 37
23565 384 37
23565 384 37
23565 384 37
23565 384 37
23565 384 37
23565 384 37
23565 384 37
23565 384 37
23565 384 37
23565 384 37
23565 384 37
23565 384 37
23565 384 37
23565 384 37
23565 384 37
23565 384 37
23565 384 37
23565 384 37
23565 384 37
23565 384 37
23565 384 37
23565 384 37
23565 384 37
23565 384 37
23565 384 37
23565 384 37
23565 384 37
23565 384 37
23565 384 37
23565 384 37
23565 384 37
23565 384 37
23565 384 37
23565 384 37
23565 384 37
23565 384 37
23565 384 37
23565 384 37
23566 18 31
23566 18 172
23566 25 31
23566 25 33
23566 25 57
23566 33 18
23566 33 25
23566 33 48
23566 33 32
23566 33 17
23566 33 20
23566 33 45
23566 33 5
23566 33 2
23566 3 249
23566 3 285
23566 5 33
23566 2 399
23566 2 14
23566 92 60
23566 16 17
23566 384 37
23566 384 37
23566 384 37
23566 384 37
23566 384 37
23566 384 37
23566 384 37
23566 384 37
23566 384 37
23566 384 37
23566 384 37
23566 384 37
23566 384 37
23566 384 37
23566 384 37
23566 384 37
23566 384 37
23566 384 37
23566 384 37
23566 384 37
23566 384 37
23566 384 37
23566 384 37
23566 384 37
23566 384 37
23566 384 37
23566 384 37
23566 384 37
23566 384 37
23566 384 37
23566 384 37
23566 384 37
23566 384 37
23566 384 37
23566 384 37
23566 384 37
23566 384 37
23567 18 172
23567 18 177
23567 1 92
23567 1 92
23567 57 5
23567 3 69
23567 2 203
23567 92 60
23567 147 77
23567 29 62
23567 29 62
23567 16 17
23567 384 37
23567 384 37
23567 384 37
23567 384 37
23567 384 37
23567 384 37
23567 384 37
23567 384 37
23567 384 37
23567 384 37
23567 384 37
23567 384 37
23567 384 37
23567 384 37
23567 384 37
23567 384 37
23567 384 37
23567 384 37
23567 384 37
23567 384 37
23567 384 37
23567 384 37
23567 384 37
23567 384 37
23567 384 37
23567 384 37
23567 384 37
23567 384 37
23567 384 37
23567 384 37
23567 384 37
23567 384 37
23567 384 37
23567 384 37
23567 384 37
23567 384 37
23567 384 37
23568 18 178
23568 18 178
23568 33 25
23568 32 398
23568 44 45
23568 2 400
23568 92 60
23568 92 60
23568 92 298
23568 11 19
23568 147 82
23568 29 62
23568 16 17
23568 384 37
23568 384 37
23568 384 37
23568 384 37
23568 384 37
23568 384 37
23568 384 37
23568 384 37
23568 384 37
23568 384 37
23568 384 37
23568 384 37
23568 384 37
23568 384 37
23568 384 37
23568 384 37
23568 384 37
23568 384 37
23568 384 37
23568 384 37
23568 384 37
23568 384 37
23568 384 37
23568 384 37
23568 384 37
23568 384 37
23568 384 37
23568 384 37
23568 384 37
23568 384 37
23568 384 37
23568 384 37
23568 384 37
23568 384 37
23568 384 37
23568 384 37
23568 384 37
23568 384 37
23568 384 37
23569 65 85
23569 18 186
23569 32 401
23569 2 402
23569 92 297
23569 92 301
23569 147 88
23569 16 17
23569 384 37
23569 384 37
23569 384 37
23569 384 37
23569 384 37
23569 384 37
23569 384 37
23569 384 37
23569 384 37
23569 384 37
23569 384 37
23569 384 37
23569 384 37
23569 384 37
23569 384 37
23569 384 37
23569 384 37
23569 384 37
23569 384 37
23569 384 37
23569 384 37
23569 384 37
23569 384 37
23569 384 37
23569 384 37
23569 384 37
23569 384 37
23569 384 37
23569 384 37
23569 384 37
23569 384 37
23569 384 37
23569 384 37
23569 384 37
23569 384 37
23569 384 37
23569 384 37
23569 384 37
23569 384 37
23569 384 37
23569 384 37
23570 18 186
23570 19 37
23570 19 37
23570 19 37
23570 19 37
23570 19 37
23570 19 37
23570 19 37
23570 48 33
23570 2 403
23570 2 402
23570 2 402
23570 147 88
23570 16 17
23570 384 37
23570 384 37
23570 384 37
23571 45 214
23571 45 404
23571 45 404
23571 45 404
23571 45 404
23571 45 404
23571 147 27
23571 16 17
23572 65 57
23572 45 14
23572 92 301
23572 92 301
23572 29 69
23572 29 69
23572 16 17
23573 65 31
23573 65 19
23573 2 44
23573 2 44
23573 2 403
23573 92 301
23573 92 311
23573 29 69
23573 16 17
23574 65 33
23574 66 65
23574 66 85
23574 19 37
23574 19 37
23574 19 37
23574 19 37
23574 19 37
23574 19 37
23574 25 33
23574 45 405
23574 45 14
23574 37 19
23574 2 58
23574 92 313
23574 92 110
23574 92 110
23574 92 311
23574 92 311
23574 24 17
23574 24 5
23574 147 78
23574 147 94
23574 147 95
23574 16 17
23575 65 66
23575 65 34
23575 65 24
23575 65 67
23575 41 42
23575 42 41
23575 31 36
23575 31 37
23575 25 33
23575 25 47
23575 44 5
23575 44 2
23575 45 148
23575 37 31
23575 5 47
23575 5 24
23575 2 81
23575 147 95
23575 147 95
23575 147 98
23575 29 69
23575 16 17
23576 65 44
23576 18 24
23576 1 36
23576 1 45
23576 57 25
23576 17 34
23576 17 24
23576 37 67
23576 92 110
23576 24 18
23576 24 17
23576 24 5
23576 24 92
23576 67 18
23576 67 32
23576 67 36
23576 67 37
23576 67 2
23576 147 95
23576 16 17
23576 16 40
23576 16 40
23577 65 1
23577 19 25
23577 19 25
23577 19 20
23577 25 19
23577 25 33
23577 25 57
23577 25 57
23577 25 57
23577 25 57
23577 25 57
23577 34 37
23577 33 48
23577 33 48
23577 37 34
23577 92 110
23577 92 110
23577 92 110
23577 16 17
23578 34 37
23578 34 37
23578 32 33
23578 32 67
23578 57 37
23578 57 37
23578 45 27
23578 45 406
23578 45 148
23578 47 25
23578 47 25
23578 47 5
23578 37 34
23578 37 57
23578 2 81
23578 2 81
23578 29 62
23578 29 62
23578 16 17
23579 19 37
23579 19 37
23579 19 37
23579 19 37
23579 19 37
23579 19 37
23579 19 37
23579 33 36
23579 33 37
23579 17 33
23579 17 24
23579 44 37
23579 44 92
23579 37 33
23579 37 44
23579 5 47
23579 5 67
23579 29 62
23579 16 17
23580 34 37
23580 34 37
23580 34 37
23580 34 37
23580 34 37
23580 34 37
23580 34 37
23580 33 48
23580 33 48
23580 57 5
23580 45 27
23580 2 407
23580 2 407
23580 92 110
23580 92 326
23580 16 17
23581 65 47
23581 66 2
23581 48 109
23581 45 406
23581 2 97
23581 2 97
23581 2 202
23581 92 110
23581 92 78
23581 92 328
23581 29 62
23581 16 17
23582 19 37
23582 19 37
23582 19 37
23582 19 37
23582 19 37
23582 19 37
23582 19 37
23582 34 37
23582 34 2
23582 34 2
23582 34 2
23582 37 34
23582 2 97
23582 2 202
23582 92 19
23582 92 44
23582 29 70
23582 29 70
23582 16 17
23583 19 48
23583 19 32
23583 19 20
23583 19 92
23583 25 33
23583 25 33
23583 25 33
23583 25 33
23583 25 33
23583 25 33
23583 25 33
23583 25 33
23583 25 33
23583 25 33
23583 25 33
23583 25 33
23583 25 33
23583 25 33
23583 25 33
23583 25 33
23583 25 33
23583 25 33
23583 25 33
23583 25 67
23583 25 67
23583 34 37
23583 34 37
23583 34 37
23583 34 37
23583 34 37
23583 34 37
23583 34 37
23583 48 19
23583 33 25
23583 32 31
23583 32 67
23583 45 148
23583 2 67
23583 67 2
23583 29 70
23583 16 17
23584 19 2
23584 2 295
23584 2 97
23584 2 97
23584 92 329
23584 16 17
23585 41 42
23585 42 41
23585 19 37
23585 19 37
23585 19 37
23585 19 37
23585 19 37
23585 19 37
23585 19 37
23585 19 37
23585 19 37
23585 2 97
23585 16 17
23586 65 85
23586 44 25
23586 45 408
23586 2 19
23586 2 67
23586 2 97
23586 2 409
23586 92 19
23586 92 329
23586 16 17
23587 34 37
23587 34 37
23587 34 37
23587 34 37
23587 34 37
23587 34 37
23587 34 37
23587 45 410
23587 45 410
23587 2 97
23587 92 329
23587 29 62
23587 29 62
23587 29 62
23587 16 17
23588 19 18
23588 32 19
23588 45 362
23588 45 410
23588 92 19
23588 92 19
23588 92 33
23588 169 67
23588 16 17
23588 16 40
23588 16 40
23589 65 33
23589 66 65
23589 19 37
23589 19 37
23589 19 37
23589 19 37
23589 19 37
23589 19 37
23589 19 37
23589 2 97
23589 2 97
23589 9 24
23589 16 17
23590 65 19
23590 45 289
23590 2 97
23590 2 97
23590 2 97
23590 29 62
23590 29 75
23590 29 75
23590 16 17
23591 65 67
23591 31 20
23591 92 329
23591 92 334
23592 65 66
23592 34 37
23592 34 37
23592 34 37
23592 45 362
23592 45 362
23592 92 334
23592 29 75
23592 16 17
23593 66 85
23593 19 37
23593 19 37
23593 19 37
23593 45 411
23593 2 97
23593 67 37
23593 67 37
23593 67 37
23593 67 37
23593 67 37
23593 67 37
23593 67 37
23593 67 37
23593 67 37
23593 67 37
23593 67 37
23593 67 37
23593 67 37
23593 67 37
23593 67 37
23593 67 37
23593 67 37
23593 67 37
23593 67 37
23593 67 37
23593 67 37
23593 67 37
23593 67 37
23593 67 37
23593 67 37
23593 16 17
23594 45 362
23594 45 351
23594 2 412
23594 2 413
23594 92 24
23594 92 334
23594 16 17
23595 41 42
23595 42 41
23595 31 5
23595 31 5
23595 31 5
23595 31 5
23595 31 5
23595 31 5
23595 45 351
23595 188 57
23595 5 31
23595 92 1
23595 92 342
23595 67 37
23595 67 37
23595 16 17
23596 19 37
23596 19 37
23596 19 37
23596 19 37
23596 19 37
23596 19 37
23596 19 37
23596 19 37
23596 19 37
23596 19 37
23596 19 37
23596 19 37
23596 19 37
23596 19 37
23596 1 5
23596 34 37
23596 34 37
23596 34 37
23596 34 37
23596 34 37
23596 34 37
23596 34 37
23596 34 37
23596 34 37
23596 34 37
23596 34 37
23596 45 414
23596 92 334
23596 24 92
23596 29 12
23596 29 12
23596 16 17
23597 1 25
23597 1 92
23597 2 415
23597 29 12
23597 16 17
23598 18 33
23598 18 44
23598 18 24
23598 45 351
23598 2 415
23598 92 344
23598 92 344
23598 92 345
23598 16 17
23599 1 32
23599 1 32
23599 45 416
23599 45 416
23599 2 417
23599 2 417
23599 29 12
23599 29 87
23599 16 17
23600 34 37
23600 34 37
23600 34 37
23600 34 37
23600 45 19
23600 45 33
23600 45 47
23600 5 19
23600 5 19
23600 67 37
23600 67 37
23600 67 37
23600 67 37
23600 67 37
23600 67 37
23600 67 37
23600 29 87
23600 16 17
23600 16 40
23600 16 40
23601 65 85
23601 31 2
23601 31 2
23601 31 2
23601 31 2
23601 31 2
23601 31 2
23601 19 37
23601 19 37
23601 19 37
23601 19 37
23601 19 37
23601 19 37
23601 19 37
23601 19 37
23601 34 2
23601 36 31
23601 36 1
23601 44 20
23601 44 2
23601 45 1
23601 45 57
23601 45 416
23601 5 19
23601 5 67
23601 2 31
23601 2 418
23601 67 37
23601 67 37
23601 67 37
23601 67 37
23601 29 87
23601 16 17
23602 65 31
23602 31 2
23602 31 2
23602 31 2
23602 31 2
23602 31 2
23602 31 2
23602 31 2
23602 31 2
23602 31 2
23602 31 2
23602 31 2
23602 31 2
23602 31 2
23602 31 2
23602 31 2
23602 31 2
23602 19 20
23602 19 45
23602 19 37
23602 19 5
23602 57 45
23602 57 5
23602 45 47
23602 45 419
23602 2 34
23602 2 44
23602 2 44
23602 92 345
23602 16 17
23603 34 37
23603 57 45
23603 45 19
23603 45 420
23603 29 87
23603 29 87
23603 29 87
23603 16 17
23604 19 20
23604 19 37
23604 19 37
23604 19 37
23604 19 37
23604 19 37
23604 19 37
23604 57 45
23604 57 92
23604 47 45
23604 47 92
23604 2 103
23604 2 421
23604 92 345
23604 92 348
23604 67 37
23604 16 17
23605 41 42
23605 42 41
23605 2 421
23605 92 345
23605 16 17
23606 19 37
23606 19 37
23606 19 37
23606 19 37
23606 19 37
23606 19 37
23606 19 37
23606 29 86
23606 29 86
23606 29 87
23606 16 17
23607 1 48
23607 1 20
23607 1 45
23607 1 37
23607 1 37
23607 45 420
23607 45 420
23607 5 57
23607 67 37
23607 29 86
23607 16 17
23608 65 66
23608 66 85
23608 19 37
23608 19 37
23608 19 37
23608 19 37
23608 19 37
23608 19 37
23608 19 37
23608 19 37
23608 19 37
23608 19 37
23608 5 31
23608 5 57
23608 2 422
23608 2 422
23608 2 422
23608 2 423
23608 11 19
23608 16 17
23609 19 37
23609 19 37
23609 19 37
23609 19 37
23609 19 37
23609 19 37
23609 19 37
23609 19 37
23609 19 37
23609 19 37
23609 19 37
23609 19 37
23609 19 37
23609 19 37
23609 19 37
23609 19 37
23609 19 37
23609 19 37
23609 19 37
23609 19 37
23609 19 37
23609 19 37
23609 19 37
23609 19 37
23609 19 37
23609 1 17
23609 45 420
23609 2 423
23609 16 17
23610 45 420
23610 2 423
23610 29 86
23610 29 86
23610 29 86
23610 16 17
23611 1 37
23611 1 37
23611 1 37
23611 1 37
23611 1 37
23611 1 37
23611 1 37
23611 57 5
23611 57 92
23611 45 420
23611 2 422
23611 67 37
23611 67 37
23611 67 37
23611 67 37
23611 67 37
23611 67 37
23611 67 37
23611 16 17
23612 19 37
23612 19 37
23612 19 37
23612 19 37
23612 19 37
23612 19 37
23612 19 37
23612 19 37
23612 19 37
23612 19 37
23612 19 37
23612 19 37
23612 45 424
23612 16 17
23612 16 40
23612 16 40
23613 1 37
23613 1 37
23613 1 37
23613 1 37
23613 1 37
23613 1 37
23613 1 37
23613 34 2
23613 67 37
23613 67 37
23613 67 37
23613 67 37
23613 67 37
23613 67 37
23613 29 86
23613 16 17
23614 45 424
23614 45 424
23614 16 17
23615 41 42
23615 42 41
23615 1 37
23615 1 37
23615 1 37
23615 1 37
23615 1 37
23615 1 37
23615 1 37
23615 2 425
23615 29 86
23615 29 86
23615 16 17
23616 19 37
23616 19 37
23616 19 37
23616 19 37
23616 19 37
23616 19 37
23616 19 37
23616 19 37
23616 1 37
23616 1 37
23616 1 37
23616 1 37
23616 1 37
23616 1 37
23616 1 37
23616 45 424
23616 2 425
23616 29 86
23616 16 17
23617 65 85
23617 85 92
23617 45 424
23617 92 85
23617 67 37
23617 16 17
23618 1 37
23618 32 34
23618 20 34
23618 45 426
23618 2 425
23618 2 425
23618 29 86
23618 29 86
23618 29 86
23618 16 17
23619 65 66
23619 65 67
23619 65 67
23619 66 65
23619 19 20
23619 1 37
23619 1 37
23619 1 37
23619 1 37
23619 1 37
23619 1 37
23619 34 20
23619 34 2
23619 36 1
23619 36 34
23619 45 426
23619 67 37
23619 67 37
23619 67 37
23619 67 37
23619 67 37
23619 67 37
23619 67 37
23619 29 86
23619 16 17
23620 19 37
23620 19 37
23620 19 37
23620 19 37
23620 19 37
23620 19 37
23620 19 37
23620 19 37
23620 19 37
23620 19 37
23620 19 37
23620 19 37
23620 19 37
23620 19 37
23620 19 37
23620 19 37
23620 34 20
23620 16 17
23621 31 2
23621 19 18
23621 1 32
23621 1 36
23621 1 37
23621 1 37
23621 1 37
23621 1 37
23621 1 37
23621 1 37
23621 1 37
23621 1 92
23621 85 92
23621 45 426
23621 92 85
23621 67 36
23621 9 110
23621 9 110
23621 9 110
23621 9 160
23621 29 86
23621 16 17
23622 67 37
23622 67 37
23622 67 37
23622 67 37
23622 67 37
23622 67 37
23622 67 37
23622 9 110
23622 16 17
23623 45 424
23623 45 427
23623 9 110
23623 29 27
23623 29 27
23623 16 17
23624 65 66
23624 19 37
23624 48 337
23624 29 27
23624 16 17
23625 41 42
23625 42 41
23625 19 37
23625 19 37
23625 19 37
23625 19 37
23625 19 37
23625 19 37
23625 19 37
23625 19 37
23625 19 37
23625 19 37
23625 19 37
23625 85 36
23625 85 36
23625 36 85
23625 36 85
23625 36 67
23625 45 428
23625 45 429
23625 67 48
23625 67 17
23625 67 36
23625 67 92
23625 9 110
23625 147 44
23625 16 17
23625 16 40
23625 16 40
23626 1 18
23626 1 32
23626 48 430
23626 48 148
23626 48 148
23626 48 148
23626 67 37
23626 67 37
23626 9 4
23626 29 27
23626 16 17
23627 19 37
23627 19 37
23627 19 37
23627 19 37
23627 19 37
23627 19 37
23627 19 37
23627 44 18
23627 44 48
23627 44 32
23627 45 429
23627 45 431
23627 67 37
23627 67 37
23627 9 6
23627 9 6
23627 16 17
23628 66 85
23628 48 430
23628 32 44
23628 44 25
23628 44 20
23628 44 2
23628 16 17
23629 45 431
23629 45 432
23629 67 37
23629 67 37
23629 67 37
23629 67 37
23629 67 37
23629 67 37
23629 67 37
23629 67 37
23629 67 37
23629 67 37
23629 67 37
23629 67 37
23629 67 37
23629 67 37
23629 16 17
23630 19 37
23630 25 34
23630 25 44
23630 34 2
23630 48 148
23630 33 5
23630 45 433
23630 47 37
23630 47 37
23630 47 37
23630 47 37
23630 47 37
23630 47 37
23630 47 37
23630 9 6
23630 16 17
23631 48 1
23631 48 44
23631 48 148
23631 48 148
23631 57 18
23631 57 25
23631 57 48
23631 57 17
23631 57 36
23631 57 2
23631 20 44
23631 47 37
23631 47 37
23631 47 37
23631 47 37
23631 47 37
23631 47 37
23631 47 37
23631 16 17
23632 65 85
23632 18 44
23632 1 18
23632 1 32
23632 1 36
23632 47 37
23632 47 37
23632 2 57
23632 16 17
23633 31 25
23633 31 25
23633 31 25
23633 31 25
23633 31 25
23633 31 25
23633 25 31
23633 48 148
23633 67 37
23633 16 17
23634 19 37
23634 48 337
23634 36 160
23634 9 6
23634 16 17
23635 41 42
23635 42 41
23635 34 25
23635 34 35
23635 34 48
23635 34 17
23635 34 37
23635 34 2
23635 34 2
23635 34 92
23635 33 37
23635 33 37
23635 33 37
23635 47 37
23635 47 37
23635 47 37
23635 47 37
23635 47 37
23635 47 37
23635 47 37
23635 47 37
23635 47 37
23635 47 37
23635 47 37
23635 37 34
23635 67 48
23635 67 2
23635 67 92
23635 9 6
23635 16 17
23636 19 37
23636 19 37
23636 19 37
23636 19 37
23636 19 37
23636 19 37
23636 19 37
23636 1 36
23636 34 85
23636 85 34
23636 36 166
23636 2 1
23636 2 57
23636 16 17
23636 16 17
23637 19 37
23637 19 37
23637 19 37
23637 19 37
23637 19 37
23637 19 37
23637 19 37
23637 34 85
23637 48 19
23637 48 57
23637 48 57
23637 48 67
23637 48 337
23637 48 337
23637 85 34
23637 33 20
23637 67 37
23637 9 6
23637 16 17
23637 16 40
23637 16 40
23638 48 434
23638 36 166
23638 36 166
23638 92 67
23638 9 6
23638 9 243
23638 9 243
23638 16 17
23639 65 66
23639 36 166
23639 9 247
23639 9 52
23639 169 67
23639 16 17
23640 33 37
23640 33 37
23640 33 37
23640 33 37
23640 33 37
23640 33 37
23640 33 37
23640 36 12
23640 36 109
23640 9 247
23640 9 251
23640 16 17
23641 65 31
23641 66 65
23641 19 37
23641 19 37
23641 19 37
23641 19 37
23641 19 2
23641 34 2
23641 34 92
23641 36 12
23641 36 12
23641 36 12
23641 51 1
23641 16 17
23642 65 34
23642 65 47
23642 48 148
23642 9 251
23642 9 251
23642 16 17
23643 65 19
23643 65 24
23643 66 85
23643 33 37
23643 33 37
23643 33 37
23643 33 37
23643 33 37
23643 33 37
23643 17 19
23643 17 34
23643 36 12
23643 9 254
23643 9 10
23643 16 17
23644 65 44
23644 19 37
23644 19 37
23644 19 37
23644 19 37
23644 19 37
23644 19 37
23644 19 37
23644 1 37
23644 1 37
23644 1 37
23644 1 37
23644 1 37
23644 1 37
23644 1 37
23644 48 148
23644 48 148
23644 48 14
23644 36 12
23644 36 181
23644 9 268
23644 9 268
23644 9 268
23644 9 261
23644 16 17
23645 65 1
23645 41 42
23645 42 41
23645 19 37
23645 19 37
23645 19 37
23645 19 37
23645 19 37
23645 19 37
23645 19 37
23645 48 14
23645 48 14
23645 36 181
23645 36 181
23645 36 183
23645 16 17
23646 65 57
23646 1 37
23646 1 37
23646 1 37
23646 1 37
23646 1 37
23646 1 37
23646 1 37
23646 1 37
23646 48 203
23646 48 203
23646 92 34
23646 9 268
23646 16 17
23647 1 37
23647 1 37
23647 1 37
23647 1 37
23647 1 37
23647 1 37
23647 1 37
23647 33 37
23647 33 37
23647 33 37
23647 33 37
23647 33 37
23647 33 37
23647 33 37
23647 36 181
23647 9 268
23647 16 17
23648 65 85
23648 19 2
23648 48 203
23648 48 203
23648 36 185
23648 9 10
23648 16 17
23649 65 33
23649 48 203
23649 48 203
23649 33 37
23649 36 184
23649 16 40
23649 16 40
23650 19 37
23650 48 203
23650 48 280
23650 36 184
23650 36 187
23650 16 17
23651 65 67
23651 1 37
23651 1 37
23651 1 37
23651 1 37
23651 1 37
23651 1 37
23651 1 37
23651 48 203
23651 33 37
23651 36 184
23651 36 184
23651 16 17
23652 48 24
23652 48 203
23652 33 37
23652 33 37
23652 16 17
23653 48 203
23653 33 37
23653 188 31
23653 24 25
23653 24 48
23653 24 92
23653 9 131
23653 16 17
23654 66 20
23654 66 92
23654 19 37
23654 48 385
23654 85 45
23654 45 85
23654 16 17
23655 65 66
23655 41 42
23655 42 41
23655 33 37
23655 33 37
23655 33 37
23655 33 37
23655 33 37
23655 33 37
23655 33 37
23655 33 37
23655 36 6
23655 9 10
23655 16 17
23656 19 37
23656 19 37
23656 48 286
23656 48 286
23656 48 286
23656 48 286
23656 9 10
23656 16 17
23657 48 85
23657 85 48
23657 33 37
23657 33 37
23657 33 37
23657 33 37
23657 33 37
23657 33 37
23657 33 37
23657 9 10
23657 16 17
23658 19 37
23658 19 37
23658 19 37
23658 16 17
23659 48 286
23659 9 10
23659 9 10
23659 16 17
23660 48 286
23660 9 296
23660 9 296
23660 16 17
23661 33 37
23661 33 37
23661 33 37
23661 33 37
23661 33 37
23661 33 37
23661 33 37
23661 16 17
23661 16 40
23661 16 40
23662 19 37
23662 19 37
23662 19 37
23662 19 37
23662 19 37
23662 19 37
23662 19 37
23662 19 37
23662 33 37
23662 9 300
23662 9 300
23662 223 47
23662 16 17
23663 65 85
23663 48 286
23663 48 435
23663 9 300
23663 16 17
23664 9 303
23664 16 17
23665 41 42
23665 42 41
23665 19 37
23665 19 37
23665 48 286
23665 33 37
23665 33 37
23665 9 300
23665 9 308
23665 9 308
23665 16 17
23666 9 308
23666 16 17
23667 48 436
23667 48 436
23667 9 315
23667 16 17
23668 48 436
23668 48 436
23668 16 17
23669 48 436
23669 9 319
23669 16 17
23670 9 319
23670 9 319
23670 16 17
23671 65 66
23671 48 437
23671 48 437
23671 16 17
23672 48 438
23672 16 17
23673 48 438
23673 16 17
23673 16 17
23673 16 40
23673 16 40
23674 48 438
23674 48 438
23674 16 17
23675 41 42
23675 42 41
23675 48 438
23675 16 17
23676 16 17
23677 48 438
23677 16 17
23678 48 438
23678 48 438
23678 16 17
23679 16 17
23680 65 85
23680 48 439
23680 16 17
23681 48 440
23681 16 17
23682 48 440
23682 16 17
23683 48 76
23683 48 76
23683 48 441
23683 16 17
23684 16 17
23685 41 42
23685 42 41
23685 48 76
23685 48 76
23685 16 17
23685 16 40
23685 16 40
23686 48 76
23686 16 17
23687 65 66
23687 48 442
23687 16 17
23688 16 17
23689 16 17
23690 16 17
23691 16 17
23692 16 17
23693 16 17
23694 16 17
23695 41 42
23695 42 41
23695 16 17
23696 16 17
23697 16 17
23697 16 40
23697 16 40
23698 188 6
23698 16 17
23699 16 17
23700 188 6
23700 16 17
23701 65 31
23701 66 65
23701 188 6
23701 188 109
23701 16 17
23702 65 47
23702 16 17
23703 65 66
23703 65 24
23703 16 17
23704 65 44
23704 16 17
23705 65 1
23705 41 42
23705 42 41
23705 16 17
23706 16 17
23707 65 57
23708 65 34
23708 16 17
23709 65 33
23709 16 17
23709 16 40
23709 16 40
23710 65 19
23710 16 17
23711 65 67
23711 16 17
23712 16 17
23713 16 17
23714 16 17
23715 41 42
23715 42 41
23715 16 17
23716 16 17
23717 16 17
23718 16 17
23719 65 66
23719 16 17
23720 16 17
23721 16 17
23721 16 40
23721 16 40
23722 16 17
23723 16 17
23724 16 17
23725 41 42
23725 42 41
23725 16 17
23726 16 17
23727 16 17
23728 16 17
23729 16 17
23730 16 17
23731 16 17
23732 16 17
23733 16 17
23733 16 40
23733 16 40
23734 16 17
23735 65 66
23735 41 42
23735 42 41
